! Processing antenna # 1
!Ant        UT(days)  phs      phs      phs      phs    for QSOs
  1          0.10333    0.       0.       0.       0.
  1          0.10515    0.       0.       0.       0.
  1          0.10700    0.       0.       0.       0.
  1          0.10884    0.       0.       0.       0.
  1          0.11069    0.       0.       0.       0.
  1          0.11253    0.       0.       0.       0.
  1          0.11438    0.       0.       0.       0.
  1          0.11622    0.       0.       0.       0.
  1          0.11808    0.       0.       0.       0.
  1          0.11992    0.       0.       0.       0.
  1          0.12177    0.       0.       0.       0.
  1          0.12362    0.       0.       0.       0.
  1          0.12546    0.       0.       0.       0.
  1          0.12731    0.       0.       0.       0.
  1          0.12915    0.       0.       0.       0.
  1          0.13100    0.       0.       0.       0.
  1          0.13284    0.       0.       0.       0.
  1          0.13470    0.       0.       0.       0.
  1          0.13655    0.       0.       0.       0.
  1          0.13839    0.       0.       0.       0.
  1          0.14024    0.       0.       0.       0.
  1          0.14208    0.       0.       0.       0.
  1          0.14393    0.       0.       0.       0.
  1          0.14577    0.       0.       0.       0.
  1          0.14762    0.       0.       0.       0.
  1          0.14948    0.       0.       0.       0.
  1          0.15132    0.       0.       0.       0.
  1          0.15317    0.       0.       0.       0.
  1          0.15501    0.       0.       0.       0.
  1          0.15686    0.       0.       0.       0.
  1          0.15870    0.       0.       0.       0.
  1          0.16055    0.       0.       0.       0.
  1          0.16239    0.       0.       0.       0.
  1          0.16424    0.       0.       0.       0.
  1          0.16610    0.       0.       0.       0.
  1          0.16794    0.       0.       0.       0.
  1          0.16979    0.       0.       0.       0.
  1          0.17348    0.       0.       0.       0.
  1          0.17532    0.       0.       0.       0.
  1          0.17717    0.       0.       0.       0.
  1          0.17902    0.       0.       0.       0.
  1          0.18087    0.       0.       0.       0.
  1          0.18272    0.       0.       0.       0.
  1          0.18456    0.       0.       0.       0.
  1          0.18641    0.       0.       0.       0.
  1          0.22738    0.       0.       0.       0.
  1          0.22920    0.       0.       0.       0.
  1          0.23104    0.       0.       0.       0.
  1          0.23289    0.       0.       0.       0.
  1          0.23473    0.       0.       0.       0.
  1          0.23658    0.       0.       0.       0.
  1          0.23843    0.       0.       0.       0.
  1          0.24027    0.       0.       0.       0.
  1          0.24213    0.       0.       0.       0.
  1          0.24397    0.       0.       0.       0.
  1          0.24582    0.       0.       0.       0.
  1          0.24766    0.       0.       0.       0.
  1          0.24951    0.       0.       0.       0.
  1          0.25136    0.       0.       0.       0.
  1          0.25320    0.       0.       0.       0.
  1          0.25505    0.       0.       0.       0.
  1          0.25690    0.       0.       0.       0.
  1          0.25875    0.       0.       0.       0.
  1          0.26059    0.       0.       0.       0.
  1          0.26244    0.       0.       0.       0.
  1          0.26428    0.       0.       0.       0.
  1          0.26613    0.       0.       0.       0.
  1          0.26798    0.       0.       0.       0.
  1          0.26982    0.       0.       0.       0.
  1          0.27168    0.       0.       0.       0.
  1          0.27352    0.       0.       0.       0.
  1          0.27537    0.       0.       0.       0.
  1          0.27721    0.       0.       0.       0.
  1          0.27906    0.       0.       0.       0.
  1          0.28091    0.       0.       0.       0.
  1          0.28275    0.       0.       0.       0.
  1          0.28460    0.       0.       0.       0.
  1          0.28644    0.       0.       0.       0.
  1          0.28830    0.       0.       0.       0.
  1          0.29014    0.       0.       0.       0.
  1          0.29199    0.       0.       0.       0.
  1          0.29383    0.       0.       0.       0.
  1          0.29568    0.       0.       0.       0.
  1          0.29753    0.       0.       0.       0.
  1          0.29937    0.       0.       0.       0.
  1          0.30122    0.       0.       0.       0.
  1          0.30306    0.       0.       0.       0.
  1          0.30492    0.       0.       0.       0.
  1          0.30676    0.       0.       0.       0.
  1          0.30861    0.       0.       0.       0.
  1          0.31046    0.       0.       0.       0.
  1          0.34433    0.       0.       0.       0.
  1          0.34614    0.       0.       0.       0.
  1          0.34798    0.       0.       0.       0.
  1          0.34983    0.       0.       0.       0.
  1          0.35169    0.       0.       0.       0.
  1          0.35353    0.       0.       0.       0.
  1          0.35538    0.       0.       0.       0.
  1          0.35722    0.       0.       0.       0.
  1          0.35907    0.       0.       0.       0.
  1          0.36091    0.       0.       0.       0.
  1          0.36276    0.       0.       0.       0.
  1          0.36462    0.       0.       0.       0.
  1          0.36646    0.       0.       0.       0.
  1          0.36831    0.       0.       0.       0.
  1          0.37015    0.       0.       0.       0.
  1          0.37200    0.       0.       0.       0.
  1          0.37384    0.       0.       0.       0.
  1          0.37569    0.       0.       0.       0.
  1          0.37753    0.       0.       0.       0.
  1          0.37938    0.       0.       0.       0.
  1          0.38124    0.       0.       0.       0.
  1          0.38308    0.       0.       0.       0.
  1          0.38493    0.       0.       0.       0.
  1          0.38677    0.       0.       0.       0.
  1          0.38862    0.       0.       0.       0.
  1          0.39046    0.       0.       0.       0.
  1          0.39231    0.       0.       0.       0.
  1          0.39416    0.       0.       0.       0.
  1          0.39600    0.       0.       0.       0.
  1          0.39786    0.       0.       0.       0.
  1          0.39970    0.       0.       0.       0.
  1          0.40155    0.       0.       0.       0.
  1          0.40339    0.       0.       0.       0.
  1          0.40524    0.       0.       0.       0.
  1          0.40708    0.       0.       0.       0.
  1          0.40893    0.       0.       0.       0.
  1          0.41078    0.       0.       0.       0.
  1          0.41262    0.       0.       0.       0.
  1          0.41448    0.       0.       0.       0.
  1          0.41632    0.       0.       0.       0.
  1          0.41817    0.       0.       0.       0.
  1          0.42001    0.       0.       0.       0.
  1          0.42186    0.       0.       0.       0.
  1          0.42371    0.       0.       0.       0.
  1          0.42555    0.       0.       0.       0.
  1          0.42740    0.       0.       0.       0.
