! Processing antenna # 4
!Ant        UT(days)  phs      phs      phs      phs    for QSOs
  4          0.10333   17.     -17.     -54.     -14.
  4          0.10515   17.     -17.     -38.     -14.
  4          0.10700   17.     -17.     -38.     -24.
  4          0.10884   25.     -17.     -38.     -24.
  4          0.11069   25.     -17.     -38.     -24.
  4          0.11253   25.     -18.     -38.     -24.
  4          0.11438   25.     -18.     -31.     -24.
  4          0.11622   25.     -18.     -31.     -20.
  4          0.11808   24.     -18.     -31.     -20.
  4          0.11992   24.     -18.     -31.     -20.
  4          0.12177   24.     -24.     -31.     -20.
  4          0.12362   24.     -24.     -24.     -20.
  4          0.12546   24.     -29.     -24.     -25.
  4          0.12731   16.     -29.     -12.     -25.
  4          0.12915   16.     -29.     -12.     -35.
  4          0.13100   10.     -24.     -12.     -35.
  4          0.13284   10.     -24.     -12.     -35.
  4          0.13470   10.     -27.     -12.     -37.
  4          0.13655    3.     -27.      -8.     -37.
  4          0.13839    3.     -27.      -8.     -35.
  4          0.14024    5.     -30.      -8.     -35.
  4          0.14208    5.     -30.      -3.     -35.
  4          0.14393    5.     -29.      -3.     -32.
  4          0.14577   -9.     -29.      -2.     -32.
  4          0.14762   -9.     -29.      -2.     -30.
  4          0.14948  -21.     -27.      -2.     -30.
  4          0.15132  -21.     -27.     -10.     -30.
  4          0.15317  -21.     -29.     -10.     -33.
  4          0.15501  -16.     -29.      -9.     -33.
  4          0.15686  -16.     -29.      -9.     -38.
  4          0.15870  -25.     -22.      -9.     -38.
  4          0.16055  -25.     -22.      -4.     -38.
  4          0.16239  -25.     -15.      -4.     -34.
  4          0.16424  -31.     -15.      -5.     -34.
  4          0.16610  -31.     -15.      -5.     -32.
  4          0.16794  -35.     -15.      -5.     -32.
  4          0.16979  -35.     -15.      -5.     -32.
  4          0.17163  -35.     -18.      -5.     -32.
  4          0.17348  -35.     -18.      -3.     -32.
  4          0.17532  -35.     -18.      -3.     -28.
  4          0.17717  -40.     -18.      -3.     -28.
  4          0.17902  -40.     -18.      -3.     -28.
  4          0.18087  -40.      -7.      -3.     -28.
  4          0.18272  -40.      -7.     -13.     -28.
  4          0.18456  -40.      -7.     -13.     -30.
  4          0.18641  -25.      -7.     -13.     -30.
  4          0.22738   11.       1.      -7.     -23.
  4          0.22920   11.       1.      -4.     -23.
  4          0.23104   11.       1.      -4.     -12.
  4          0.23289  -11.       1.      -4.     -12.
  4          0.23473  -11.       1.      -4.     -12.
  4          0.23658  -11.     -15.      -4.     -12.
  4          0.23843  -11.     -15.      -9.     -12.
  4          0.24027  -11.     -15.      -9.      -5.
  4          0.24213  -30.     -15.      -9.      -5.
  4          0.24397  -30.     -15.      -9.      -5.
  4          0.24582  -30.     -11.      -9.      -5.
  4          0.24766  -30.     -11.     -15.      -5.
  4          0.24951  -30.     -10.     -15.     -11.
  4          0.25136  -30.     -10.     -22.     -11.
  4          0.25320  -30.     -10.     -22.      -8.
  4          0.25505  -37.     -17.     -22.      -8.
  4          0.25690  -37.     -17.     -23.      -8.
  4          0.25875  -37.     -42.     -23.     -16.
  4          0.26059  -23.     -42.     -21.     -16.
  4          0.26244  -23.     -42.     -21.     -12.
  4          0.26428  -38.     -45.     -21.     -12.
  4          0.26613  -38.     -45.      -9.     -12.
  4          0.26798  -38.     -57.      -9.     -11.
  4          0.26982  -39.     -57.     -13.     -11.
  4          0.27168  -39.     -57.     -13.     -17.
  4          0.27352  -33.     -53.     -13.     -17.
  4          0.27537  -33.     -53.      -7.     -17.
  4          0.27721  -33.     -49.      -7.     -15.
  4          0.27906  -30.     -49.      -3.     -15.
  4          0.28091  -30.     -49.      -3.     -23.
  4          0.28275  -17.     -43.      -3.     -23.
  4          0.28460  -17.     -43.      -1.     -23.
  4          0.28644  -17.     -60.      -1.     -26.
  4          0.28830  -28.     -60.       8.     -26.
  4          0.29014  -28.     -60.       8.     -24.
  4          0.29199  -27.     -60.       8.     -24.
  4          0.29383  -27.     -60.       8.     -24.
  4          0.29568  -27.     -42.       8.     -24.
  4          0.29753  -27.     -42.      19.     -24.
  4          0.29937  -27.     -42.      19.     -17.
  4          0.30122  -44.     -42.      19.     -17.
  4          0.30306  -44.     -42.      19.     -17.
  4          0.30492  -44.     -39.      19.     -17.
  4          0.30676  -44.     -39.       8.     -17.
  4          0.30861  -44.     -39.       8.     -22.
  4          0.31046  -44.     -39.       8.     -22.
  4          0.34433  -52.     -27.     -44.     -71.
  4          0.34614  -52.     -27.     -48.     -71.
  4          0.34798  -52.     -27.     -48.     -73.
  4          0.34983  -55.     -27.     -48.     -73.
  4          0.35169  -55.     -27.     -48.     -73.
  4          0.35353  -55.     -30.     -48.     -73.
  4          0.35538  -55.     -30.     -50.     -73.
  4          0.35722  -55.     -30.     -50.     -75.
  4          0.35907  -57.     -30.     -50.     -75.
  4          0.36091  -57.     -30.     -50.     -75.
  4          0.36276  -57.     -30.     -50.     -75.
  4          0.36462  -57.     -30.     -48.     -75.
  4          0.36646  -57.     -32.     -48.     -83.
  4          0.36831  -56.     -32.     -50.     -83.
  4          0.37015  -56.     -32.     -50.     -90.
  4          0.37200  -55.     -34.     -50.     -90.
  4          0.37384  -55.     -34.     -45.     -90.
  4          0.37569  -55.     -36.     -45.     -90.
  4          0.37753  -53.     -36.     -43.     -90.
  4          0.37938  -53.     -36.     -43.     -91.
  4          0.38124  -56.     -40.     -43.     -91.
  4          0.38308  -56.     -40.     -42.     -91.
  4          0.38493  -56.     -42.     -42.     -95.
  4          0.38677  -49.     -42.     -38.     -95.
  4          0.38862  -49.     -42.     -38.    -100.
  4          0.39046  -47.     -43.     -38.    -100.
  4          0.39231  -47.     -43.     -36.    -100.
  4          0.39416  -47.     -43.     -36.    -114.
  4          0.39600  -56.     -43.     -31.    -114.
  4          0.39786  -56.     -43.     -31.    -124.
  4          0.39970  -54.     -46.     -31.    -124.
  4          0.40155  -54.     -46.     -35.    -124.
  4          0.40339  -54.     -50.     -35.    -135.
  4          0.40524  -51.     -50.     -34.    -135.
  4          0.40708  -51.     -50.     -34.    -142.
  4          0.40893  -50.     -50.     -34.    -142.
  4          0.41078  -50.     -50.     -34.    -142.
  4          0.41262  -50.     -54.     -34.    -142.
  4          0.41448  -50.     -54.     -38.    -142.
  4          0.41632  -50.     -54.     -38.    -160.
  4          0.41817  -52.     -54.     -38.    -160.
  4          0.42001  -52.     -54.     -38.    -160.
  4          0.42186  -52.     -51.     -38.    -160.
  4          0.42371  -52.     -51.     -40.    -160.
  4          0.42555  -52.     -51.     -40.     179.
  4          0.42740  -68.     -51.     -40.     179.
