! Processing antenna # 2
!Ant        UT(days)  phs      phs      phs      phs    for QSOs
  2          0.10333  -15.     -40.    -107.     -42.
  2          0.10515  -15.     -40.     -77.     -42.
  2          0.10700  -15.     -40.     -77.     -38.
  2          0.10884  -10.     -40.     -77.     -38.
  2          0.11069  -10.     -40.     -77.     -38.
  2          0.11253  -10.     -38.     -77.     -38.
  2          0.11438  -10.     -38.     -60.     -38.
  2          0.11622  -10.     -38.     -60.     -28.
  2          0.11808  -13.     -38.     -60.     -28.
  2          0.11992  -13.     -38.     -60.     -28.
  2          0.12177  -13.     -42.     -60.     -28.
  2          0.12362  -13.     -42.     -48.     -28.
  2          0.12546  -13.     -41.     -48.     -36.
  2          0.12731   -6.     -41.     -30.     -36.
  2          0.12915   -6.     -41.     -30.     -34.
  2          0.13100  -17.     -36.     -30.     -34.
  2          0.13284  -17.     -36.     -29.     -34.
  2          0.13470  -17.     -43.     -29.     -45.
  2          0.13655  -22.     -43.     -15.     -45.
  2          0.13839  -22.     -43.     -15.     -47.
  2          0.14024  -11.     -37.     -15.     -47.
  2          0.14208  -11.     -37.     -10.     -47.
  2          0.14393  -11.     -30.     -10.     -52.
  2          0.14577  -25.     -30.     -17.     -52.
  2          0.14762  -25.     -30.     -17.     -59.
  2          0.14948  -31.     -34.     -17.     -59.
  2          0.15132  -31.     -34.     -30.     -59.
  2          0.15317  -31.     -34.     -30.     -65.
  2          0.15501  -41.     -34.     -29.     -65.
  2          0.15686  -41.     -34.     -29.     -78.
  2          0.15870  -48.     -33.     -29.     -78.
  2          0.16055  -48.     -33.     -20.     -78.
  2          0.16239  -48.     -27.     -20.     -75.
  2          0.16424  -63.     -27.     -21.     -75.
  2          0.16610  -63.     -27.     -21.     -77.
  2          0.16794  -79.     -27.     -21.     -77.
  2          0.16979  -79.     -27.     -21.     -77.
  2          0.17163  -79.     -30.     -21.     -77.
  2          0.17348  -79.     -30.     -20.     -77.
  2          0.17532  -79.     -30.     -20.     -72.
  2          0.17717  -93.     -30.     -20.     -72.
  2          0.17902  -93.     -30.     -20.     -72.
  2          0.18087  -93.     -38.     -20.     -72.
  2          0.18272  -93.     -38.     -41.     -72.
  2          0.18456  -93.     -38.     -41.     -72.
  2          0.18641  -97.     -38.     -41.     -72.
  2          0.22738  -16.     -22.     -28.     -15.
  2          0.22920  -16.     -22.     -25.     -15.
  2          0.23104  -16.     -22.     -25.      -0.
  2          0.23289  -33.     -22.     -25.      -0.
  2          0.23473  -33.     -22.     -25.      -0.
  2          0.23843  -33.     -22.     -39.      -0.
  2          0.24213  -45.     -22.     -39.      -1.
  2          0.24397  -45.     -22.     -39.      -1.
  2          0.24582  -45.     -34.     -39.      -1.
  2          0.24766  -45.     -34.     -28.      -1.
  2          0.24951  -45.     -29.     -28.      -5.
  2          0.25136  -48.     -29.     -30.      -5.
  2          0.25320  -48.     -29.     -30.      -1.
  2          0.25505  -58.     -47.     -30.      -1.
  2          0.25690  -58.     -47.     -20.      -1.
  2          0.25875  -58.     -67.     -20.      -7.
  2          0.26059  -51.     -67.     -15.      -7.
  2          0.26244  -51.     -67.     -15.      -7.
  2          0.26428  -58.     -67.     -15.      -7.
  2          0.26613  -58.     -67.     -13.      -7.
  2          0.26798  -58.     -77.     -13.      -6.
  2          0.26982  -60.     -77.     -11.      -6.
  2          0.27168  -60.     -77.     -11.     -14.
  2          0.27352  -58.     -66.     -11.     -14.
  2          0.27537  -58.     -66.     -12.     -14.
  2          0.27721  -58.     -79.     -12.     -12.
  2          0.27906  -51.     -79.       3.     -12.
  2          0.28275  -44.     -66.       3.     -14.
  2          0.28460  -44.     -66.      -8.     -14.
  2          0.28644  -44.     -61.      -8.     -19.
  2          0.28830  -57.     -61.     -14.     -19.
  2          0.29014  -57.     -61.     -14.     -17.
  2          0.29199  -56.     -61.     -14.     -17.
  2          0.29383  -56.     -61.     -14.     -17.
  2          0.29568  -56.     -40.     -14.     -17.
  2          0.29753  -56.     -40.     -23.     -17.
  2          0.29937  -56.     -40.     -23.     -13.
  2          0.30122  -68.     -40.     -23.     -13.
  2          0.30306  -68.     -40.     -23.     -13.
  2          0.30492  -68.     -26.     -23.     -13.
  2          0.30676  -68.     -26.     -33.     -13.
  2          0.31046  -68.     -26.     -33.     -20.
  2          0.34433  -60.     -84.     -39.     -59.
  2          0.34614  -60.     -84.     -37.     -59.
  2          0.34798  -60.     -84.     -37.     -61.
  2          0.34983  -61.     -84.     -37.     -61.
  2          0.35169  -61.     -84.     -37.     -61.
  2          0.35353  -61.     -82.     -37.     -61.
  2          0.35722  -61.     -82.     -39.     -66.
  2          0.36091  -65.     -82.     -39.     -66.
  2          0.36276  -65.     -77.     -39.     -66.
  2          0.36462  -65.     -77.     -34.     -66.
  2          0.36646  -65.     -85.     -34.     -75.
  2          0.36831  -62.     -85.     -32.     -75.
  2          0.37015  -62.     -85.     -32.     -77.
  2          0.37200  -61.     -78.     -32.     -77.
  2          0.37569  -61.     -72.     -29.     -71.
  2          0.37753  -66.     -72.     -26.     -71.
  2          0.37938  -66.     -72.     -26.     -77.
  2          0.38124  -69.     -73.     -26.     -77.
  2          0.38308  -69.     -73.     -22.     -77.
  2          0.38493  -69.     -64.     -22.     -78.
  2          0.38677  -62.     -64.     -19.     -78.
  2          0.38862  -62.     -64.     -19.     -82.
  2          0.39046  -61.     -62.     -19.     -82.
  2          0.39231  -61.     -62.     -14.     -82.
  2          0.39416  -61.     -59.     -14.     -93.
  2          0.39600  -67.     -59.      -6.     -93.
  2          0.39786  -67.     -59.      -6.     -96.
  2          0.39970  -66.     -64.      -6.     -96.
  2          0.40155  -66.     -64.      -7.     -96.
  2          0.40339  -66.     -65.      -7.     -93.
  2          0.40524  -69.     -65.      -6.     -93.
  2          0.40708  -69.     -65.      -6.     -86.
  2          0.40893  -73.     -65.      -6.     -86.
  2          0.41078  -73.     -65.      -6.     -86.
  2          0.41262  -73.     -70.      -6.     -86.
  2          0.41448  -73.     -70.      -3.     -86.
  2          0.41632  -73.     -70.      -3.     -99.
  2          0.41817  -68.     -70.      -3.     -99.
  2          0.42001  -68.     -70.      -3.     -99.
  2          0.42186  -68.     -68.      -3.     -99.
  2          0.42371  -68.     -68.      -2.     -99.
  2          0.42555  -68.     -68.      -2.    -108.
  2          0.42740  -85.     -68.      -2.    -108.
