!Ant UT(days)  phase(deg) +/-      X-slope (deg/deg) +/-   Y-slope (deg/deg) +/-   for MultiView fits
  1   0.10333      0.     11.          0.000     4.938          0.000     4.745
  1   0.10515      0.     11.          0.000     4.938          0.000     4.745
  1   0.10700      0.     11.          0.000     4.938          0.000     4.745
  1   0.10884      0.     11.          0.000     4.938          0.000     4.745
  1   0.11069      0.     11.          0.000     4.938          0.000     4.745
  1   0.11253      0.     11.          0.000     4.938          0.000     4.745
  1   0.11438      0.     11.          0.000     4.938          0.000     4.745
  1   0.11622      0.     11.          0.000     4.938          0.000     4.745
  1   0.11808      0.     11.          0.000     4.938          0.000     4.745
  1   0.11992      0.     11.          0.000     4.938          0.000     4.745
  1   0.12177      0.     11.          0.000     4.938          0.000     4.745
  1   0.12362      0.     11.          0.000     4.938          0.000     4.745
  1   0.12546      0.     11.          0.000     4.938          0.000     4.745
  1   0.12731      0.     11.          0.000     4.938          0.000     4.745
  1   0.12915      0.     11.          0.000     4.938          0.000     4.745
  1   0.13100      0.     11.          0.000     4.938          0.000     4.745
  1   0.13284      0.     11.          0.000     4.938          0.000     4.745
  1   0.13470      0.     11.          0.000     4.938          0.000     4.745
  1   0.13655      0.     11.          0.000     4.938          0.000     4.745
  1   0.13839      0.     11.          0.000     4.938          0.000     4.745
  1   0.14024      0.     11.          0.000     4.938          0.000     4.745
  1   0.14208      0.     11.          0.000     4.938          0.000     4.745
  1   0.14393      0.     11.          0.000     4.938          0.000     4.745
  1   0.14577      0.     11.          0.000     4.938          0.000     4.745
  1   0.14762      0.     11.          0.000     4.938          0.000     4.745
  1   0.14948      0.     11.          0.000     4.938          0.000     4.745
  1   0.15132      0.     11.          0.000     4.938          0.000     4.745
  1   0.15317      0.     11.          0.000     4.938          0.000     4.745
  1   0.15501      0.     11.          0.000     4.938          0.000     4.745
  1   0.15686      0.     11.          0.000     4.938          0.000     4.745
  1   0.15870      0.     11.          0.000     4.938          0.000     4.745
  1   0.16055      0.     11.          0.000     4.938          0.000     4.745
  1   0.16239      0.     11.          0.000     4.938          0.000     4.745
  1   0.16424      0.     11.          0.000     4.938          0.000     4.745
  1   0.16610      0.     11.          0.000     4.938          0.000     4.745
  1   0.16794      0.     11.          0.000     4.938          0.000     4.745
  1   0.16979      0.     11.          0.000     4.938          0.000     4.745
  1   0.17348      0.     11.          0.000     4.938          0.000     4.745
  1   0.17532      0.     11.          0.000     4.938          0.000     4.745
  1   0.17717      0.     11.          0.000     4.938          0.000     4.745
  1   0.17902      0.     11.          0.000     4.938          0.000     4.745
  1   0.18087      0.     11.          0.000     4.938          0.000     4.745
  1   0.18272      0.     11.          0.000     4.938          0.000     4.745
  1   0.18456      0.     11.          0.000     4.938          0.000     4.745
  1   0.18641      0.     11.          0.000     4.938          0.000     4.745
  1   0.22738      0.     11.          0.000     4.938          0.000     4.745
  1   0.22920      0.     11.          0.000     4.938          0.000     4.745
  1   0.23104      0.     11.          0.000     4.938          0.000     4.745
  1   0.23289      0.     11.          0.000     4.938          0.000     4.745
  1   0.23473      0.     11.          0.000     4.938          0.000     4.745
  1   0.23658      0.     11.          0.000     4.938          0.000     4.745
  1   0.23843      0.     11.          0.000     4.938          0.000     4.745
  1   0.24027      0.     11.          0.000     4.938          0.000     4.745
  1   0.24213      0.     11.          0.000     4.938          0.000     4.745
  1   0.24397      0.     11.          0.000     4.938          0.000     4.745
  1   0.24582      0.     11.          0.000     4.938          0.000     4.745
  1   0.24766      0.     11.          0.000     4.938          0.000     4.745
  1   0.24951      0.     11.          0.000     4.938          0.000     4.745
  1   0.25136      0.     11.          0.000     4.938          0.000     4.745
  1   0.25320      0.     11.          0.000     4.938          0.000     4.745
  1   0.25505      0.     11.          0.000     4.938          0.000     4.745
  1   0.25690      0.     11.          0.000     4.938          0.000     4.745
  1   0.25875      0.     11.          0.000     4.938          0.000     4.745
  1   0.26059      0.     11.          0.000     4.938          0.000     4.745
  1   0.26244      0.     11.          0.000     4.938          0.000     4.745
  1   0.26428      0.     11.          0.000     4.938          0.000     4.745
  1   0.26613      0.     11.          0.000     4.938          0.000     4.745
  1   0.26798      0.     11.          0.000     4.938          0.000     4.745
  1   0.26982      0.     11.          0.000     4.938          0.000     4.745
  1   0.27168      0.     11.          0.000     4.938          0.000     4.745
  1   0.27352      0.     11.          0.000     4.938          0.000     4.745
  1   0.27537      0.     11.          0.000     4.938          0.000     4.745
  1   0.27721      0.     11.          0.000     4.938          0.000     4.745
  1   0.27906      0.     11.          0.000     4.938          0.000     4.745
  1   0.28091      0.     11.          0.000     4.938          0.000     4.745
  1   0.28275      0.     11.          0.000     4.938          0.000     4.745
  1   0.28460      0.     11.          0.000     4.938          0.000     4.745
  1   0.28644      0.     11.          0.000     4.938          0.000     4.745
  1   0.28830      0.     11.          0.000     4.938          0.000     4.745
  1   0.29014      0.     11.          0.000     4.938          0.000     4.745
  1   0.29199      0.     11.          0.000     4.938          0.000     4.745
  1   0.29383      0.     11.          0.000     4.938          0.000     4.745
  1   0.29568      0.     11.          0.000     4.938          0.000     4.745
  1   0.29753      0.     11.          0.000     4.938          0.000     4.745
  1   0.29937      0.     11.          0.000     4.938          0.000     4.745
  1   0.30122      0.     11.          0.000     4.938          0.000     4.745
  1   0.30306      0.     11.          0.000     4.938          0.000     4.745
  1   0.30492      0.     11.          0.000     4.938          0.000     4.745
  1   0.30676      0.     11.          0.000     4.938          0.000     4.745
  1   0.30861      0.     11.          0.000     4.938          0.000     4.745
  1   0.31046      0.     11.          0.000     4.938          0.000     4.745
  1   0.34433      0.     11.          0.000     4.938          0.000     4.745
  1   0.34614      0.     11.          0.000     4.938          0.000     4.745
  1   0.34798      0.     11.          0.000     4.938          0.000     4.745
  1   0.34983      0.     11.          0.000     4.938          0.000     4.745
  1   0.35169      0.     11.          0.000     4.938          0.000     4.745
  1   0.35353      0.     11.          0.000     4.938          0.000     4.745
  1   0.35538      0.     11.          0.000     4.938          0.000     4.745
  1   0.35722      0.     11.          0.000     4.938          0.000     4.745
  1   0.35907      0.     11.          0.000     4.938          0.000     4.745
  1   0.36091      0.     11.          0.000     4.938          0.000     4.745
  1   0.36276      0.     11.          0.000     4.938          0.000     4.745
  1   0.36462      0.     11.          0.000     4.938          0.000     4.745
  1   0.36646      0.     11.          0.000     4.938          0.000     4.745
  1   0.36831      0.     11.          0.000     4.938          0.000     4.745
  1   0.37015      0.     11.          0.000     4.938          0.000     4.745
  1   0.37200      0.     11.          0.000     4.938          0.000     4.745
  1   0.37384      0.     11.          0.000     4.938          0.000     4.745
  1   0.37569      0.     11.          0.000     4.938          0.000     4.745
  1   0.37753      0.     11.          0.000     4.938          0.000     4.745
  1   0.37938      0.     11.          0.000     4.938          0.000     4.745
  1   0.38124      0.     11.          0.000     4.938          0.000     4.745
  1   0.38308      0.     11.          0.000     4.938          0.000     4.745
  1   0.38493      0.     11.          0.000     4.938          0.000     4.745
  1   0.38677      0.     11.          0.000     4.938          0.000     4.745
  1   0.38862      0.     11.          0.000     4.938          0.000     4.745
  1   0.39046      0.     11.          0.000     4.938          0.000     4.745
  1   0.39231      0.     11.          0.000     4.938          0.000     4.745
  1   0.39416      0.     11.          0.000     4.938          0.000     4.745
  1   0.39600      0.     11.          0.000     4.938          0.000     4.745
  1   0.39786      0.     11.          0.000     4.938          0.000     4.745
  1   0.39970      0.     11.          0.000     4.938          0.000     4.745
  1   0.40155      0.     11.          0.000     4.938          0.000     4.745
  1   0.40339      0.     11.          0.000     4.938          0.000     4.745
  1   0.40524      0.     11.          0.000     4.938          0.000     4.745
  1   0.40708      0.     11.          0.000     4.938          0.000     4.745
  1   0.40893      0.     11.          0.000     4.938          0.000     4.745
  1   0.41078      0.     11.          0.000     4.938          0.000     4.745
  1   0.41262      0.     11.          0.000     4.938          0.000     4.745
  1   0.41448      0.     11.          0.000     4.938          0.000     4.745
  1   0.41632      0.     11.          0.000     4.938          0.000     4.745
  1   0.41817      0.     11.          0.000     4.938          0.000     4.745
  1   0.42001      0.     11.          0.000     4.938          0.000     4.745
  1   0.42186      0.     11.          0.000     4.938          0.000     4.745
  1   0.42371      0.     11.          0.000     4.938          0.000     4.745
  1   0.42555      0.     11.          0.000     4.938          0.000     4.745
  1   0.42740      0.     11.          0.000     4.938          0.000     4.745
  2   0.10333    -62.     10.         13.489     4.581          8.324     4.403
  2   0.10515    -50.      3.          9.666     1.484          4.305     1.426
  2   0.10700    -49.      3.          9.294     1.419          5.130     1.363
  2   0.10884    -49.      2.         10.179     1.010          5.104     0.971
  2   0.11069    -49.      2.         10.179     1.010          5.104     0.971
  2   0.11253    -48.      3.         10.209     1.388          5.007     1.334
  2   0.11438    -42.      1.          8.176     0.494          2.870     0.475
  2   0.11622    -40.      1.          7.393     0.494          4.608     0.475
  2   0.11808    -41.      1.          6.838     0.494          4.624     0.475
  2   0.11992    -41.      1.          6.838     0.494          4.624     0.475
  2   0.12177    -41.      2.          6.775     0.917          4.824     0.881
  2   0.12362    -37.      5.          5.244     2.157          3.215     2.073
  2   0.12546    -39.      4.          5.914     1.844          1.714     1.772
  2   0.12731    -31.      9.          4.960     4.266         -0.691     4.100
  2   0.12915    -31.      9.          4.799     4.294         -0.332     4.127
  2   0.13100    -31.      5.          2.713     2.334         -0.517     2.243
  2   0.13284    -30.      5.          2.534     2.479         -0.706     2.383
  2   0.13470    -35.      8.          3.393     3.725         -2.501     3.580
  2   0.13655    -30.     10.          0.754     4.751         -4.330     4.566
  2   0.13839    -31.     10.          0.877     4.729         -4.601     4.545
  2   0.14024    -28.     10.          3.015     4.453         -4.975     4.279
  2   0.14208    -26.     10.          2.439     4.919         -5.580     4.727
  2   0.14393    -26.      7.          3.012     3.424         -6.961     3.291
  2   0.14577    -30.      3.          1.279     1.509         -5.963     1.451
  2   0.14762    -32.      3.          1.867     1.406         -7.267     1.351
  2   0.14948    -33.      3.          0.594     1.600         -7.038     1.538
  2   0.15132    -38.      1.          2.220     0.494         -5.329     0.475
  2   0.15317    -40.      1.          2.729     0.494         -6.453     0.475
  2   0.15501    -41.      1.          0.658     0.529         -6.547     0.508
  2   0.15686    -44.      2.          1.800     0.731         -9.079     0.702
  2   0.15870    -44.      3.          0.501     1.635         -9.117     1.572
  2   0.16055    -41.      2.         -0.576     0.763        -10.249     0.733
  2   0.16239    -39.      4.         -0.811     1.906         -9.823     1.831
  2   0.16424    -41.      7.         -3.674     3.389         -9.602     3.257
  2   0.16610    -42.      7.         -3.497     3.421         -9.992     3.287
  2   0.16794    -44.     10.         -6.652     4.877         -9.900     4.687
  2   0.16979    -44.     10.         -6.652     4.877         -9.900     4.687
  2   0.17163    -45.      9.         -6.700     4.284         -9.747     4.117
  2   0.17348    -44.      9.         -6.881     4.137         -9.939     3.976
  2   0.17532    -43.      9.         -7.315     4.060         -8.977     3.902
  2   0.17717    -45.     11.         -9.943     5.273         -8.901     5.068
  2   0.17902    -45.     11.         -9.943     5.273         -8.901     5.068
  2   0.18087    -47.      8.        -10.075     3.643         -8.480     3.501
  2   0.18272    -54.     12.         -7.472     5.752         -5.744     5.528
  2   0.18456    -55.     12.         -7.408     5.763         -5.886     5.539
  2   0.18641    -55.     13.         -8.142     6.102         -5.865     5.865
  2   0.22738    -22.     11.          1.216     4.938          2.229     4.745
  2   0.22920    -21.      1.          0.812     0.494          1.805     0.475
  2   0.23104    -17.      1.         -0.393     0.521          4.477     0.500
  2   0.23289    -19.      2.         -3.661     0.988          4.572     0.949
  2   0.23473    -19.      2.         -3.661     0.988          4.572     0.949
  2   0.23843    -24.      5.         -1.874     2.537          6.413     2.438
  2   0.24213    -26.      8.         -4.175     3.616          6.419     3.476
  2   0.24397    -26.      8.         -4.175     3.616          6.419     3.476
  2   0.24582    -29.      2.         -4.375     1.151          7.054     1.107
  2   0.24766    -25.     11.         -5.783     4.938          5.573     4.745
  2   0.24951    -25.      2.         -5.302     1.078          4.429     1.036
  2   0.25136    -26.      3.         -5.622     1.529          4.696     1.469
  2   0.25320    -25.      3.         -5.994     1.463          5.522     1.406
  2   0.25505    -31.      3.         -8.233     1.375          6.540     1.322
  2   0.25690    -27.      5.         -9.456     2.366          5.255     2.274
  2   0.25875    -34.     14.         -9.263     6.413          5.150     6.164
  2   0.26059    -31.     16.         -8.524     7.506          4.490     7.213
  2   0.26244    -31.     16.         -8.515     7.504          4.471     7.212
  2   0.26428    -32.     15.         -9.824     7.011          4.536     6.738
  2   0.26613    -31.     16.        -10.172     7.293          4.171     7.009
  2   0.26798    -33.     20.        -10.482     9.321          5.015     8.958
  2   0.26982    -33.     20.        -11.157     9.322          4.769     8.959
  2   0.27168    -35.     20.        -10.448     9.197          3.197     8.839
  2   0.27352    -32.     15.         -9.844     7.028          2.577     6.755
  2   0.27537    -32.     15.         -9.712     6.922          2.715     6.652
  2   0.27721    -35.     21.        -10.142     9.728          3.885     9.349
  2   0.27906    -29.     25.        -10.639    11.772          1.967    11.314
  2   0.28275    -25.     21.         -8.810     9.683          0.754     9.306
  2   0.28460    -29.     18.         -7.551     8.663          2.077     8.326
  2   0.28644    -29.     16.         -7.064     7.502          0.912     7.210
  2   0.28830    -33.     12.         -8.693     5.755          1.806     5.531
  2   0.29014    -32.     12.         -8.800     5.774          2.043     5.549
  2   0.29199    -32.     12.         -8.708     5.816          2.040     5.590
  2   0.29383    -32.     12.         -8.708     5.816          2.040     5.590
  2   0.29568    -27.      3.         -8.363     1.558          0.943     1.497
  2   0.29753    -30.      1.         -7.213     0.626          2.152     0.602
  2   0.29937    -29.      1.         -7.623     0.699          3.062     0.672
  2   0.30122    -31.      1.         -9.993     0.494          3.131     0.475
  2   0.30306    -31.      1.         -9.993     0.494          3.131     0.475
  2   0.30492    -27.      7.         -9.760     3.272          2.390     3.144
  2   0.30676    -31.      9.         -8.539     4.261          3.673     4.095
  2   0.31046    -33.      9.         -7.926     4.358          2.350     4.189
  2   0.34433    -58.     15.         -3.014     7.122         -1.294     6.844
  2   0.34614    -57.     16.         -3.333     7.380         -1.629     7.093
  2   0.34798    -58.     16.         -3.207     7.358         -1.910     7.071
  2   0.34983    -58.     15.         -3.540     7.204         -1.900     6.924
  2   0.35169    -58.     15.         -3.540     7.204         -1.900     6.924
  2   0.35353    -57.     14.         -3.495     6.654         -2.042     6.395
  2   0.35722    -59.     14.         -2.829     6.393         -2.784     6.144
  2   0.36091    -60.     13.         -3.422     6.119         -2.767     5.881
  2   0.36276    -58.     11.         -3.346     5.180         -3.009     4.978
  2   0.36462    -57.     12.         -3.969     5.684         -3.664     5.463
  2   0.36646    -61.     16.         -3.323     7.285         -4.960     7.001
  2   0.36831    -60.     16.         -2.906     7.653         -5.122     7.355
  2   0.37015    -61.     16.         -2.735     7.623         -5.500     7.326
  2   0.37200    -59.     13.         -2.452     6.113         -5.912     5.875
  2   0.37569    -55.     12.         -3.303     5.428         -5.547     5.216
  2   0.37753    -54.     11.         -4.716     5.251         -5.909     5.046
  2   0.37938    -56.     11.         -4.246     5.168         -6.951     4.967
  2   0.38124    -56.     11.         -4.827     5.004         -6.908     4.809
  2   0.38308    -54.     12.         -5.369     5.443         -7.477     5.231
  2   0.38493    -53.      8.         -5.098     3.658         -8.215     3.515
  2   0.38677    -51.     10.         -4.052     4.550         -8.593     4.373
  2   0.38862    -52.     10.         -3.718     4.491         -9.333     4.316
  2   0.39046    -51.      9.         -3.541     4.139         -9.445     3.978
  2   0.39231    -49.     10.         -4.231     4.698        -10.171     4.515
  2   0.39416    -51.      8.         -3.277     3.900        -12.336     3.748
  2   0.39600    -49.      9.         -5.370     4.104        -13.270     3.944
  2   0.39786    -50.      9.         -5.089     4.055        -13.893     3.897
  2   0.39970    -51.     11.         -4.832     5.156        -13.659     4.956
  2   0.40155    -51.     11.         -4.694     5.044        -13.513     4.848
  2   0.40339    -51.     11.         -4.990     5.277        -12.841     5.071
  2   0.40524    -50.     11.         -5.737     5.174        -13.025     4.973
  2   0.40708    -49.     11.         -6.255     5.266        -11.877     5.061
  2   0.40893    -50.     10.         -7.205     4.827        -11.849     4.639
  2   0.41078    -50.     10.         -7.205     4.827        -11.849     4.639
  2   0.41262    -51.     13.         -7.301     6.014        -11.544     5.780
  2   0.41448    -50.     14.         -7.693     6.331        -11.956     6.085
  2   0.41632    -53.     13.         -6.590     6.137        -14.401     5.898
  2   0.41817    -52.     14.         -5.577     6.604        -14.431     6.347
  2   0.42001    -52.     14.         -5.577     6.604        -14.431     6.347
  2   0.42186    -52.     13.         -5.540     6.154        -14.547     5.915
  2   0.42371    -51.     13.         -5.658     6.250        -14.671     6.007
  2   0.42555    -54.     13.         -4.908     6.118        -16.335     5.879
  2   0.42740    -56.     10.         -8.127     4.631        -16.241     4.451
  3   0.10333     49.     11.         15.684     5.319         15.849     5.112
  3   0.10515     59.     17.         12.152     8.181         12.136     7.862
  3   0.10700     52.     17.         14.579     7.752          6.754     7.450
  3   0.10884     53.     18.         15.856     8.342          6.716     8.017
  3   0.11069     53.     18.         15.856     8.342          6.716     8.017
  3   0.11253     54.     15.         15.945     7.236          6.431     6.954
  3   0.11438     52.     14.         16.832     6.518          7.363     6.264
  3   0.11808     47.     13.          0.035    11.781         12.092     4.756
  3   0.12362     54.     13.         -2.774    11.781          9.610     4.756
  3   0.12731     57.     13.          2.771     6.228          4.305     5.986
  3   0.12915     53.     13.          4.332     5.953          0.844     5.721
  3   0.13284     56.     10.         -2.222     4.813         -1.292     4.626
  3   0.13470     55.      3.         -0.349     1.531         -5.679     1.471
  3   0.13655     54.      2.         -1.917     0.939         -5.745     0.902
  3   0.13839     51.      1.         -0.564     0.700         -8.744     0.673
  3   0.14024     47.      3.         -5.499     1.390         -8.554     1.336
  3   0.14577     52.      1.         -7.184     0.494        -12.629     0.475
  3   0.14762     52.      1.         -7.244     0.494        -12.497     0.475
  3   0.14948     57.      1.         -3.778     0.494        -13.143     0.475
  3   0.15132     50.      5.         -1.328     2.210        -10.567     2.124
  3   0.15317     51.      6.         -1.244     2.962        -10.811     2.847
  3   0.15501     59.      1.         -1.358     0.494        -13.424     0.475
  3   0.15686     57.      1.         -0.439     0.494        -15.462     0.475
  3   0.15870     61.      2.          1.944     1.133        -16.057     1.088
  3   0.16055     61.      2.          1.944     1.133        -16.057     1.088
  3   0.16239     61.      4.          2.342     1.963        -17.001     1.886
  3   0.16794     59.      6.          0.551     2.661        -18.253     2.558
  3   0.16979     59.      6.          0.551     2.661        -18.253     2.558
  3   0.17163     62.     11.          0.749     5.100        -18.881     4.902
  3   0.17532     49.     19.          5.245     8.915        -13.264     8.567
  3   0.17717     50.     18.          6.239     8.456        -13.293     8.127
  3   0.17902     50.     18.          6.239     8.456        -13.293     8.127
  3   0.18087     55.     27.          6.572    12.578        -14.355    12.088
  3   0.22738     78.     15.          4.734     6.956         -3.053     6.686
  3   0.22920     82.     12.          3.374     5.855         -4.483     5.627
  3   0.23289     83.     13.          1.068     6.308         -2.318     6.062
  3   0.23473     83.     13.          1.068     6.308         -2.318     6.062
  3   0.23658     79.      5.          0.765     2.570         -1.355     2.470
  3   0.23843     78.      6.          1.126     2.863         -0.975     2.751
  3   0.24027     78.      6.          1.019     2.844         -0.736     2.733
  3   0.24213     77.      7.         -0.181     3.397         -0.701     3.265
  3   0.24582     75.      4.         -0.319     1.692         -0.262     1.626
  3   0.24766     76.      3.         -0.757     1.337         -0.722     1.285
  3   0.24951     76.      3.         -0.661     1.257         -0.926     1.208
  3   0.25136     73.      6.         -2.632     2.924         -0.225     2.811
  3   0.25320     72.      6.         -2.365     2.972         -0.817     2.856
  3   0.25505     77.     15.         -1.932     7.243         -1.931     6.961
  3   0.25690     79.     14.         -2.625     6.682         -2.659     6.422
  3   0.26244     77.      1.         -3.669     0.494         -2.099     0.475
  3   0.26428     74.      1.         -6.131     0.494         -1.897     0.475
  3   0.26613     76.      1.         -6.841     0.494         -2.643     0.475
  3   0.26798     77.      2.         -7.204     0.855         -1.812     0.822
  3   0.26982     76.      1.         -8.647     0.494         -1.685     0.475
  3   0.27168     75.     11.         -8.251     4.938         -2.563     4.745
  3   0.27352     74.      2.         -9.471     0.830         -2.598     0.798
  3   0.27721     74.      6.         -8.561     2.948         -3.934     2.833
  3   0.27906     78.      3.         -7.433     1.447         -4.799     1.391
  3   0.28091     77.      3.         -7.153     1.497         -5.420     1.438
  3   0.28460     77.      3.         -7.773     1.524         -5.490     1.465
  3   0.28644     78.      7.         -7.429     3.389         -6.396     3.257
  3   0.29014     77.      9.         -9.895     4.339         -7.025     4.170
  3   0.29199     78.      7.         -8.067     3.496         -7.078     3.360
  3   0.29753     74.      1.         -8.372     0.494         -6.303     0.475
  3   0.29937     75.      1.         -8.676     0.494         -5.629     0.475
  3   0.30122     73.      3.        -11.522     1.523         -5.546     1.464
  3   0.30306     73.      3.        -11.522     1.523         -5.546     1.464
  3   0.30492     74.      5.        -11.468     2.201         -5.721     2.115
  3   0.30676     71.      6.        -10.467     3.011         -4.669     2.894
  3   0.31046     69.      5.         -7.537     2.453         -7.481     2.358
  3   0.34433     70.      3.         -5.689     1.357         -4.122     1.304
  3   0.34614     75.      1.         -7.180     0.494         -5.690     0.475
  3   0.34798     75.      1.         -7.180     0.494         -5.691     0.475
  3   0.35353     75.      1.         -7.259     0.580         -5.785     0.557
  3   0.35538     73.      2.         -6.650     1.072         -5.146     1.031
  3   0.35722     70.      3.         -5.525     1.271         -7.641     1.221
  3   0.35907     71.      2.         -4.918     0.991         -7.659     0.952
  3   0.36091     71.      2.         -4.918     0.991         -7.659     0.952
  3   0.36276     70.      1.         -4.965     0.494         -7.510     0.475
  3   0.36462     70.      1.         -5.078     0.494         -7.628     0.475
  3   0.36831     70.      1.         -4.532     0.494         -8.914     0.475
  3   0.37015     69.      1.         -4.092     0.494         -9.891     0.475
  3   0.37200     68.      2.         -3.901     1.091         -9.687     1.048
  3   0.37384     67.      2.         -3.686     0.917         -9.462     0.881
  3   0.37569     69.      1.         -3.763     0.494         -9.369     0.475
  3   0.37753     70.      1.         -4.069     0.494         -9.594     0.475
  3   0.37938     68.     11.         -3.604     4.938        -10.624     4.745
  3   0.38308     65.      3.         -3.144     1.583         -9.827     1.522
  3   0.38677     62.      5.         -4.016     2.297         -6.703     2.207
  3   0.39046     61.      5.         -3.380     2.525         -7.591     2.427
  3   0.39231     61.      5.         -3.288     2.450         -7.494     2.355
  3   0.39416     59.      8.         -3.184     3.702         -7.623     3.558
  3   0.39786     61.      9.         -3.993     4.058         -6.339     3.900
  3   0.39970     62.      7.         -4.289     3.154         -6.519     3.031
  3   0.40155     62.      7.         -4.237     3.112         -6.465     2.991
  3   0.40339     61.      8.         -4.311     3.595         -6.265     3.455
  3   0.40524     61.      8.         -3.332     3.662         -5.966     3.520
  3   0.40708     62.      8.         -3.790     3.743         -4.951     3.597
  3   0.40893     62.      8.         -4.176     3.564         -4.939     3.426
  3   0.41078     62.      8.         -4.176     3.564         -4.939     3.426
  3   0.41262     62.      8.         -4.189     3.721         -4.899     3.576
  3   0.41448     61.      8.         -4.064     3.620         -4.767     3.479
  3   0.41817     62.      8.         -4.145     3.654         -4.520     3.512
  3   0.42186     64.      4.         -3.983     1.655         -5.036     1.591
  3   0.42371     64.      4.         -4.036     1.699         -5.092     1.632
  3   0.42555     61.      3.         -2.800     1.481         -7.832     1.423
  3   0.42740     62.      5.         -1.048     2.289         -7.884     2.200
  4   0.10333    -26.      2.         10.962     0.748          5.256     0.719
  4   0.10515    -19.      2.          8.883     0.935          3.071     0.898
  4   0.10700    -22.      2.          9.715     0.788          1.227     0.757
  4   0.10884    -21.      3.         11.368     1.551          1.178     1.491
  4   0.11069    -21.      3.         11.368     1.551          1.178     1.491
  4   0.11253    -21.      4.         11.356     1.698          1.216     1.632
  4   0.11438    -18.      5.         10.476     2.410          0.292     2.316
  4   0.11622    -17.      5.         10.153     2.467          1.010     2.371
  4   0.11808    -18.      5.          9.876     2.339          1.018     2.248
  4   0.11992    -18.      5.          9.876     2.339          1.018     2.248
  4   0.12177    -19.      8.          9.761     3.760          1.384     3.613
  4   0.12362    -17.      9.          8.917     4.444          0.496     4.271
  4   0.12546    -19.     11.          9.265     5.292         -0.204     5.086
  4   0.12731    -16.     12.          6.159     5.792         -1.757     5.567
  4   0.12915    -18.     12.          7.048     5.635         -3.728     5.416
  4   0.13100    -18.      9.          5.959     4.159         -3.936     3.997
  4   0.13284    -18.      9.          5.971     4.150         -3.924     3.988
  4   0.13470    -19.     10.          6.082     4.724         -4.122     4.540
  4   0.13655    -19.     10.          4.240     4.543         -4.637     4.366
  4   0.13839    -18.     10.          4.015     4.583         -4.140     4.404
  4   0.14024    -18.     11.          4.398     5.258         -4.028     5.053
  4   0.14208    -16.     12.          3.801     5.741         -4.655     5.518
  4   0.14393    -16.     12.          3.624     5.721         -4.268     5.498
  4   0.14577    -17.     10.          0.884     4.608         -4.317     4.429
  4   0.14762    -17.     10.          0.714     4.638         -3.941     4.457
  4   0.14948    -18.      7.         -1.716     3.089         -3.975     2.969
  4   0.15132    -21.      5.         -0.729     2.290         -2.937     2.201
  4   0.15317    -22.      6.         -0.586     2.675         -3.221     2.571
  4   0.15501    -21.      7.          0.386     3.227         -3.337     3.101
  4   0.15686    -22.      7.          0.860     3.143         -4.387     3.021
  4   0.15870    -22.      2.         -0.811     0.876         -4.706     0.842
  4   0.16055    -20.      3.         -1.451     1.394         -5.379     1.340
  4   0.16239    -17.      1.         -1.644     0.494         -5.073     0.475
  4   0.16424    -18.      2.         -2.683     0.786         -4.875     0.755
  4   0.16610    -18.      2.         -2.869     0.753         -4.461     0.724
  4   0.16794    -18.      2.         -3.629     1.104         -4.439     1.061
  4   0.16979    -18.      2.         -3.629     1.104         -4.439     1.061
  4   0.17163    -19.      1.         -3.677     0.504         -4.284     0.485
  4   0.17348    -18.      1.         -4.002     0.494         -4.625     0.475
  4   0.17532    -17.      1.         -4.353     0.494         -3.845     0.475
  4   0.17717    -18.      1.         -5.243     0.590         -3.819     0.567
  4   0.17902    -18.      1.         -5.243     0.590         -3.819     0.567
  4   0.18087    -15.      6.         -5.068     2.754         -4.377     2.647
  4   0.18272    -19.      8.         -3.716     3.849         -2.956     3.699
  4   0.18456    -19.      8.         -3.551     3.878         -3.323     3.727
  4   0.18641    -17.      6.         -0.774     2.596         -3.404     2.495
  4   0.22738     -7.      1.          5.095     0.494         -3.613     0.475
  4   0.22920     -5.     11.          4.677     4.938         -4.052     4.745
  4   0.23104     -3.      1.          3.693     0.494         -1.870     0.475
  4   0.23289     -6.      4.         -0.559     1.767         -1.746     1.699
  4   0.23473     -6.      4.         -0.559     1.767         -1.746     1.699
  4   0.23658    -10.      3.         -0.825     1.515         -0.900     1.456
  4   0.23843    -11.      2.         -0.220     1.025         -0.265     0.985
  4   0.24027    -10.      2.         -0.857     1.138          1.148     1.093
  4   0.24213    -12.      1.         -4.594     0.588          1.257     0.565
  4   0.24397    -12.      1.         -4.594     0.588          1.257     0.565
  4   0.24582    -11.      3.         -4.531     1.369          1.056     1.316
  4   0.24766    -13.      4.         -3.774     1.982          1.852     1.905
  4   0.24951    -15.      5.         -3.235     2.337          0.636     2.246
  4   0.25136    -17.      6.         -2.266     3.041          1.587     2.923
  4   0.25320    -17.      6.         -2.473     3.004          2.046     2.887
  4   0.25505    -19.      5.         -4.088     2.293          2.452     2.203
  4   0.25690    -20.      5.         -4.006     2.359          2.538     2.267
  4   0.25875    -28.      6.         -3.786     2.775          2.460     2.667
  4   0.26059    -25.      9.         -1.170     4.235          2.169     4.070
  4   0.26244    -25.      9.         -1.450     4.284          2.789     4.117
  4   0.26428    -27.      7.         -4.346     3.466          3.001     3.331
  4   0.26613    -23.     10.         -5.807     4.649          1.465     4.468
  4   0.26798    -26.     15.         -6.125     7.249          2.372     6.967
  4   0.26982    -27.     15.         -5.939     6.795          2.825     6.531
  4   0.27168    -29.     14.         -5.422     6.704          1.679     6.443
  4   0.27352    -27.     14.         -4.283     6.424          1.447     6.174
  4   0.27537    -25.     15.         -5.009     7.012          0.684     6.739
  4   0.27721    -23.     13.         -5.121     6.109          0.858     5.871
  4   0.27906    -21.     15.         -5.123     6.829          0.245     6.563
  4   0.28091    -23.     14.         -4.437     6.708         -1.278     6.447
  4   0.28275    -20.     14.         -1.815     6.732         -1.647     6.470
  4   0.28460    -20.     15.         -1.948     6.840         -1.786     6.574
  4   0.28644    -25.     22.         -1.978    10.264         -1.451     9.864
  4   0.28830    -22.     22.         -5.139    10.315         -2.642     9.914
  4   0.29014    -22.     22.         -5.319    10.347         -2.243     9.944
  4   0.29199    -22.     22.         -5.249    10.379         -2.245     9.975
  4   0.29383    -22.     22.         -5.249    10.379         -2.245     9.975
  4   0.29568    -17.     14.         -4.951     6.693         -3.195     6.433
  4   0.29753    -13.     17.         -6.330     7.810         -4.644     7.506
  4   0.29937    -12.     17.         -6.930     7.916         -3.314     7.608
  4   0.30122    -14.     14.        -10.122     6.442         -3.221     6.191
  4   0.30306    -14.     14.        -10.122     6.442         -3.221     6.191
  4   0.30492    -13.     12.        -10.063     5.715         -3.408     5.492
  4   0.30676    -17.     10.         -8.644     4.566         -1.917     4.388
  4   0.30861    -18.     10.         -8.192     4.486         -2.921     4.311
  4   0.31046    -18.      9.         -8.299     4.436         -2.918     4.263
  4   0.34433    -47.     10.          1.099     4.757         -5.964     4.572
  4   0.34614    -49.     11.          1.535     5.110         -5.505     4.911
  4   0.34798    -49.     11.          1.728     5.144         -5.932     4.944
  4   0.34983    -50.     12.          1.187     5.394         -5.916     5.184
  4   0.35169    -50.     12.          1.187     5.394         -5.916     5.184
  4   0.35353    -51.     10.          1.126     4.641         -5.722     4.460
  4   0.35538    -51.     10.          1.432     4.889         -5.400     4.699
  4   0.35722    -52.     10.          1.564     4.912         -5.692     4.721
  4   0.35907    -52.     11.          1.175     5.092         -5.681     4.894
  4   0.36091    -52.     11.          1.175     5.092         -5.681     4.894
  4   0.36276    -52.     11.          1.186     5.220         -5.714     5.017
  4   0.36462    -51.     11.          0.894     4.984         -6.020     4.790
  4   0.36646    -54.     10.          1.517     4.569         -7.359     4.391
  4   0.36831    -54.     10.          1.910     4.707         -7.099     4.524
  4   0.37015    -56.     10.          2.521     4.815         -8.455     4.628
  4   0.37200    -56.      9.          2.762     4.408         -8.389     4.236
  4   0.37384    -54.      8.          2.068     3.846         -9.119     3.696
  4   0.37569    -55.      7.          2.079     3.471         -9.113     3.336
  4   0.37753    -54.      7.          2.287     3.198         -9.269     3.073
  4   0.37938    -54.      7.          2.331     3.206         -9.367     3.081
  4   0.38124    -56.      5.          1.750     2.485         -9.107     2.388
  4   0.38308    -55.      5.          1.512     2.292         -9.357     2.203
  4   0.38493    -57.      4.          1.873     2.058        -10.134     1.978
  4   0.38677    -54.      2.          2.643     1.161        -10.617     1.116
  4   0.38862    -56.      3.          3.029     1.229        -11.471     1.181
  4   0.39046    -56.      1.          3.549     0.684        -11.411     0.657
  4   0.39231    -55.      1.          3.296     0.494        -11.677     0.475
  4   0.39416    -58.      1.          4.520     0.603        -14.384     0.579
  4   0.39600    -58.      2.          1.982     0.928        -15.029     0.892
  4   0.39786    -60.      2.          2.846     1.081        -16.945     1.039
  4   0.39970    -61.      1.          3.163     0.494        -16.840     0.475
  4   0.40155    -62.      2.          3.704     0.908        -16.272     0.873
  4   0.40339    -66.      1.          4.589     0.494        -18.161     0.475
  4   0.40524    -65.      1.          5.153     0.494        -18.304     0.475
  4   0.40708    -67.      1.          5.729     0.494        -19.582     0.475
  4   0.40893    -67.      1.          5.856     0.494        -19.585     0.475
  4   0.41078    -67.      1.          5.856     0.494        -19.585     0.475
  4   0.41262    -68.      2.          5.795     0.988        -19.391     0.949
  4   0.41448    -69.      1.          6.307     0.573        -18.852     0.551
  4   0.41632    -74.      1.          7.816     0.494        -22.198     0.475
  4   0.41817    -74.      1.          7.484     0.494        -22.188     0.475
  4   0.42001    -74.      1.          7.484     0.494        -22.188     0.475
  4   0.42186    -73.      1.          7.526     0.494        -22.320     0.475
  4   0.42371    -74.      1.          7.789     0.572        -22.044     0.550
  4   0.42555      9.     10.        -21.246     4.551         42.335     4.374
  4   0.42740      7.      7.        -24.258     3.161         42.423     3.037
