! Processing antenna # 4
!Ant        UT(days)    Amp   phs        Amp   phs        Amp   phs        Amp   phs    for QSOs
  4          0.10333   0.929   17.      0.985  -17.      0.903  -54.      0.836  -14.
  4          0.10515   0.929   17.      0.985  -17.      0.862  -38.      0.836  -14.
  4          0.10700   0.929   17.      0.985  -17.      0.862  -38.      0.869  -24.
  4          0.10884   0.933   25.      0.985  -17.      0.862  -38.      0.869  -24.
  4          0.11069   0.933   25.      0.985  -17.      0.862  -38.      0.869  -24.
  4          0.11253   0.933   25.      0.988  -18.      0.862  -38.      0.869  -24.
  4          0.11438   0.933   25.      0.988  -18.      0.879  -31.      0.869  -24.
  4          0.11622   0.933   25.      0.988  -18.      0.879  -31.      0.897  -20.
  4          0.11808   0.949   24.      0.988  -18.      0.879  -31.      0.897  -20.
  4          0.11992   0.949   24.      0.988  -18.      0.879  -31.      0.897  -20.
  4          0.12177   0.949   24.      0.961  -24.      0.879  -31.      0.897  -20.
  4          0.12362   0.949   24.      0.961  -24.      0.880  -24.      0.897  -20.
  4          0.12546   0.949   24.      0.966  -29.      0.880  -24.      0.905  -25.
  4          0.12731   0.920   16.      0.966  -29.      0.982  -12.      0.905  -25.
  4          0.12915   0.920   16.      0.966  -29.      0.982  -12.      0.968  -35.
  4          0.13100   0.925   10.      0.961  -24.      0.982  -12.      0.968  -35.
  4          0.13284   0.925   10.      0.961  -24.      0.986  -12.      0.968  -35.
  4          0.13470   0.925   10.      0.957  -27.      0.986  -12.      0.972  -37.
  4          0.13655   0.914    3.      0.957  -27.      0.996   -8.      0.972  -37.
  4          0.13839   0.914    3.      0.957  -27.      0.996   -8.      0.970  -35.
  4          0.14024   0.896    5.      0.962  -30.      0.996   -8.      0.970  -35.
  4          0.14208   0.896    5.      0.962  -30.      0.983   -3.      0.970  -35.
  4          0.14393   0.896    5.      0.953  -29.      0.983   -3.      0.974  -32.
  4          0.14577   0.806   -9.      0.953  -29.      0.979   -2.      0.974  -32.
  4          0.14762   0.806   -9.      0.953  -29.      0.979   -2.      0.970  -30.
  4          0.14948   0.867  -21.      0.960  -27.      0.979   -2.      0.970  -30.
  4          0.15132   0.867  -21.      0.960  -27.      0.944  -10.      0.970  -30.
  4          0.15317   0.867  -21.      0.953  -29.      0.944  -10.      0.973  -33.
  4          0.15501   0.880  -16.      0.953  -29.      0.931   -9.      0.973  -33.
  4          0.15686   0.880  -16.      0.953  -29.      0.931   -9.      0.990  -38.
  4          0.15870   0.908  -25.      0.934  -22.      0.931   -9.      0.990  -38.
  4          0.16055   0.908  -25.      0.934  -22.      0.930   -4.      0.990  -38.
  4          0.16239   0.908  -25.      0.960  -15.      0.930   -4.      0.984  -34.
  4          0.16424   0.906  -31.      0.960  -15.      0.914   -5.      0.984  -34.
  4          0.16610   0.906  -31.      0.960  -15.      0.914   -5.      0.983  -32.
  4          0.16794   0.893  -35.      0.960  -15.      0.914   -5.      0.983  -32.
  4          0.16979   0.893  -35.      0.960  -15.      0.914   -5.      0.983  -32.
  4          0.17163   0.893  -35.      0.951  -18.      0.914   -5.      0.983  -32.
  4          0.17348   0.893  -35.      0.951  -18.      0.888   -3.      0.983  -32.
  4          0.17532   0.893  -35.      0.951  -18.      0.888   -3.      0.988  -28.
  4          0.17717   0.867  -40.      0.951  -18.      0.888   -3.      0.988  -28.
  4          0.17902   0.867  -40.      0.951  -18.      0.888   -3.      0.988  -28.
  4          0.18087   0.867  -40.      0.976   -7.      0.888   -3.      0.988  -28.
  4          0.18272   0.867  -40.      0.976   -7.      0.876  -13.      0.988  -28.
  4          0.18456   0.867  -40.      0.976   -7.      0.876  -13.      0.983  -30.
  4          0.18641   0.877  -25.      0.976   -7.      0.876  -13.      0.983  -30.
  4          0.22738   0.957   11.      0.900    1.      0.930   -7.      0.998  -23.
  4          0.22920   0.957   11.      0.900    1.      0.950   -4.      0.998  -23.
  4          0.23104   0.957   11.      0.900    1.      0.950   -4.      0.958  -12.
  4          0.23289   0.825  -11.      0.900    1.      0.950   -4.      0.958  -12.
  4          0.23473   0.825  -11.      0.900    1.      0.950   -4.      0.958  -12.
  4          0.23658   0.825  -11.      0.817  -15.      0.950   -4.      0.958  -12.
  4          0.23843   0.825  -11.      0.817  -15.      0.953   -9.      0.958  -12.
  4          0.24027   0.825  -11.      0.817  -15.      0.953   -9.      0.944   -5.
  4          0.24213   0.729  -30.      0.817  -15.      0.953   -9.      0.944   -5.
  4          0.24397   0.729  -30.      0.817  -15.      0.953   -9.      0.944   -5.
  4          0.24582   0.729  -30.      0.847  -11.      0.953   -9.      0.944   -5.
  4          0.24766   0.729  -30.      0.847  -11.      0.941  -15.      0.944   -5.
  4          0.24951   0.729  -30.      0.810  -10.      0.941  -15.      0.935  -11.
  4          0.25136   0.783  -30.      0.810  -10.      0.966  -22.      0.935  -11.
  4          0.25320   0.783  -30.      0.810  -10.      0.966  -22.      0.923   -8.
  4          0.25505   0.757  -37.      0.459  -17.      0.966  -22.      0.923   -8.
  4          0.25690   0.757  -37.      0.459  -17.      0.972  -23.      0.923   -8.
  4          0.25875   0.757  -37.      0.477  -42.      0.972  -23.      0.907  -16.
  4          0.26059   0.717  -23.      0.477  -42.      0.967  -21.      0.907  -16.
  4          0.26244   0.717  -23.      0.477  -42.      0.967  -21.      0.890  -12.
  4          0.26428   0.763  -38.      0.580  -45.      0.967  -21.      0.890  -12.
  4          0.26613   0.763  -38.      0.580  -45.      0.882   -9.      0.890  -12.
  4          0.26798   0.763  -38.      0.514  -57.      0.882   -9.      0.911  -11.
  4          0.26982   0.810  -39.      0.514  -57.      0.859  -13.      0.911  -11.
  4          0.27168   0.810  -39.      0.514  -57.      0.859  -13.      0.913  -17.
  4          0.27352   0.778  -33.      0.608  -53.      0.859  -13.      0.913  -17.
  4          0.27537   0.778  -33.      0.608  -53.      0.871   -7.      0.913  -17.
  4          0.27721   0.778  -33.      0.516  -49.      0.871   -7.      0.928  -15.
  4          0.27906   0.819  -30.      0.516  -49.      0.851   -3.      0.928  -15.
  4          0.28091   0.819  -30.      0.516  -49.      0.851   -3.      0.958  -23.
  4          0.28275   0.901  -17.      0.606  -43.      0.851   -3.      0.958  -23.
  4          0.28460   0.901  -17.      0.606  -43.      0.880   -1.      0.958  -23.
  4          0.28644   0.901  -17.      0.606  -60.      0.880   -1.      0.962  -26.
  4          0.28830   0.864  -28.      0.606  -60.      0.914    8.      0.962  -26.
  4          0.29014   0.864  -28.      0.606  -60.      0.914    8.      0.955  -24.
  4          0.29199   0.830  -27.      0.606  -60.      0.914    8.      0.955  -24.
  4          0.29383   0.830  -27.      0.606  -60.      0.914    8.      0.955  -24.
  4          0.29568   0.830  -27.      0.991  -42.      0.914    8.      0.955  -24.
  4          0.29753   0.830  -27.      0.991  -42.      0.957   19.      0.955  -24.
  4          0.29937   0.830  -27.      0.991  -42.      0.957   19.      0.969  -17.
  4          0.30122   0.948  -44.      0.991  -42.      0.957   19.      0.969  -17.
  4          0.30306   0.948  -44.      0.991  -42.      0.957   19.      0.969  -17.
  4          0.30492   0.948  -44.      0.993  -39.      0.957   19.      0.969  -17.
  4          0.30676   0.948  -44.      0.993  -39.      0.995    8.      0.969  -17.
  4          0.30861   0.948  -44.      0.993  -39.      0.995    8.      0.965  -22.
  4          0.31046   0.921  -44.      0.993  -39.      0.995    8.      0.965  -22.
  4          0.34433   0.986  -52.      0.994  -27.      0.997  -44.      0.955  -71.
  4          0.34614   0.986  -52.      0.994  -27.      0.994  -48.      0.955  -71.
  4          0.34798   0.986  -52.      0.994  -27.      0.994  -48.      0.969  -73.
  4          0.34983   0.989  -55.      0.994  -27.      0.994  -48.      0.969  -73.
  4          0.35169   0.989  -55.      0.994  -27.      0.994  -48.      0.969  -73.
  4          0.35353   0.989  -55.      0.990  -30.      0.994  -48.      0.969  -73.
  4          0.35538   0.989  -55.      0.990  -30.      0.993  -50.      0.969  -73.
  4          0.35722   0.989  -55.      0.990  -30.      0.993  -50.      0.976  -75.
  4          0.35907   0.990  -57.      0.990  -30.      0.993  -50.      0.976  -75.
  4          0.36091   0.990  -57.      0.990  -30.      0.993  -50.      0.976  -75.
  4          0.36276   0.990  -57.      0.991  -30.      0.993  -50.      0.976  -75.
  4          0.36462   0.990  -57.      0.991  -30.      0.991  -48.      0.976  -75.
  4          0.36646   0.990  -57.      0.994  -32.      0.991  -48.      0.943  -83.
  4          0.36831   0.991  -56.      0.994  -32.      0.992  -50.      0.943  -83.
  4          0.37015   0.991  -56.      0.994  -32.      0.992  -50.      0.967  -90.
  4          0.37200   0.991  -55.      0.994  -34.      0.992  -50.      0.967  -90.
  4          0.37384   0.991  -55.      0.994  -34.      0.975  -45.      0.967  -90.
  4          0.37569   0.991  -55.      0.996  -36.      0.975  -45.      0.974  -90.
  4          0.37753   0.991  -53.      0.996  -36.      0.969  -43.      0.974  -90.
  4          0.37938   0.991  -53.      0.996  -36.      0.969  -43.      0.967  -91.
  4          0.38124   0.993  -56.      0.983  -40.      0.969  -43.      0.967  -91.
  4          0.38308   0.993  -56.      0.983  -40.      0.973  -42.      0.967  -91.
  4          0.38493   0.993  -56.      0.981  -42.      0.973  -42.      0.962  -95.
  4          0.38677   0.971  -49.      0.981  -42.      0.975  -38.      0.962  -95.
  4          0.38862   0.971  -49.      0.981  -42.      0.975  -38.      0.967 -100.
  4          0.39046   0.969  -47.      0.983  -43.      0.975  -38.      0.967 -100.
  4          0.39231   0.969  -47.      0.983  -43.      0.978  -36.      0.967 -100.
  4          0.39416   0.969  -47.      0.979  -43.      0.978  -36.      0.806 -114.
  4          0.39600   0.917  -56.      0.979  -43.      0.994  -31.      0.806 -114.
  4          0.39786   0.917  -56.      0.979  -43.      0.994  -31.      0.815 -124.
  4          0.39970   0.898  -54.      0.981  -46.      0.994  -31.      0.815 -124.
  4          0.40155   0.898  -54.      0.981  -46.      0.984  -35.      0.815 -124.
  4          0.40339   0.898  -54.      0.992  -50.      0.984  -35.      0.794 -135.
  4          0.40524   0.912  -51.      0.992  -50.      0.980  -34.      0.794 -135.
  4          0.40708   0.912  -51.      0.992  -50.      0.980  -34.      0.765 -142.
  4          0.40893   0.890  -50.      0.992  -50.      0.980  -34.      0.765 -142.
  4          0.41078   0.890  -50.      0.992  -50.      0.980  -34.      0.765 -142.
  4          0.41262   0.890  -50.      0.997  -54.      0.980  -34.      0.765 -142.
  4          0.41448   0.890  -50.      0.997  -54.      0.984  -38.      0.765 -142.
  4          0.41632   0.890  -50.      0.997  -54.      0.984  -38.      0.845 -160.
  4          0.41817   0.855  -52.      0.997  -54.      0.984  -38.      0.845 -160.
  4          0.42001   0.855  -52.      0.997  -54.      0.984  -38.      0.845 -160.
  4          0.42186   0.855  -52.      0.999  -51.      0.984  -38.      0.845 -160.
  4          0.42371   0.855  -52.      0.999  -51.      0.977  -40.      0.845 -160.
  4          0.42555   0.855  -52.      0.999  -51.      0.977  -40.      0.994  179.
  4          0.42740   0.872  -68.      0.999  -51.      0.977  -40.      0.994  179.
