! Processing antenna # 3
!Ant        UT(days)    Amp   phs        Amp   phs        Amp   phs        Amp   phs    for QSOs
  3          0.10333   0.960  121.      0.607   34.      0.385    1.      0.905   97.
  3          0.10515   0.960  121.      0.607   34.      0.536   29.      0.905   97.
  3          0.10700   0.960  121.      0.607   34.      0.536   29.      0.702   69.
  3          0.10884   0.311  128.      0.607   34.      0.536   29.      0.702   69.
  3          0.11069   0.311  128.      0.607   34.      0.536   29.      0.702   69.
  3          0.11253   0.311  128.      0.699   40.      0.536   29.      0.702   69.
  3          0.11438   0.311  128.      0.699   40.      0.644   22.      0.702   69.
  3          0.11808   0.244   64.      0.699   40.      0.644   22.      0.633   91.
  3          0.12362   0.244   64.      0.747   46.      0.630   38.      0.633   91.
  3          0.12731   0.384   78.      0.732   36.      0.886   54.      0.594   72.
  3          0.12915   0.384   78.      0.732   36.      0.886   54.      0.611   54.
  3          0.13284   0.281   54.      0.782   39.      0.723   70.      0.611   54.
  3          0.13470   0.281   54.      0.994   53.      0.723   70.      0.583   35.
  3          0.13655   0.421   47.      0.994   53.      0.654   71.      0.583   35.
  3          0.13839   0.421   47.      0.994   53.      0.654   71.      0.549   19.
  3          0.14024   0.584   21.      0.995   52.      0.654   71.      0.549   19.
  3          0.14577   0.667   21.      0.994   52.      0.670   90.      0.624   11.
  3          0.14762   0.667   21.      0.994   52.      0.670   90.      0.531   12.
  3          0.14948   0.855   38.      0.922   63.      0.670   90.      0.531   12.
  3          0.15132   0.855   38.      0.922   63.      0.593   70.      0.531   12.
  3          0.15317   0.855   38.      0.911   66.      0.593   70.      0.624   11.
  3          0.15501   0.811   50.      0.911   66.      0.653   90.      0.624   11.
  3          0.15686   0.811   50.      0.911   66.      0.653   90.      0.970    1.
  3          0.15870   0.845   61.      0.873   76.      0.653   90.      0.970    1.
  3          0.16055   0.845   61.      0.873   76.      0.653   90.      0.970    1.
  3          0.16239   0.845   61.      0.849   80.      0.653   90.      0.967   -3.
  3          0.16794   0.890   52.      0.849   80.      0.538   92.      0.979   -8.
  3          0.16979   0.890   52.      0.849   80.      0.538   92.      0.979   -8.
  3          0.17163   0.890   52.      0.869   92.      0.538   92.      0.979   -8.
  3          0.17532   0.890   52.      0.869   92.      0.670   54.      0.978   -5.
  3          0.17717   0.865   57.      0.869   92.      0.670   54.      0.978   -5.
  3          0.17902   0.865   57.      0.869   92.      0.670   54.      0.978   -5.
  3          0.18087   0.865   57.      0.998  112.      0.670   54.      0.978   -5.
  3          0.18456   0.865   57.      0.998  112.      1.000    6.      0.967   -4.
  3          0.18641   0.940   75.      0.998  112.      1.000    6.      0.967   -4.
  3          0.22738   0.885   84.      0.663  107.      0.872   65.      0.920   62.
  3          0.22920   0.885   84.      0.663  107.      0.886   76.      0.920   62.
  3          0.23289   0.912   78.      0.663  107.      0.886   76.      0.913   73.
  3          0.23473   0.912   78.      0.663  107.      0.886   76.      0.913   73.
  3          0.23658   0.912   78.      0.669   89.      0.886   76.      0.913   73.
  3          0.23843   0.912   78.      0.669   89.      0.911   73.      0.913   73.
  3          0.24027   0.912   78.      0.669   89.      0.911   73.      0.934   74.
  3          0.24213   0.919   71.      0.669   89.      0.911   73.      0.934   74.
  3          0.24582   0.919   71.      0.714   81.      0.911   73.      0.934   74.
  3          0.24766   0.919   71.      0.714   81.      0.923   77.      0.934   74.
  3          0.24951   0.919   71.      0.643   80.      0.923   77.      0.947   73.
  3          0.25136   0.824   58.      0.643   80.      0.918   72.      0.947   73.
  3          0.25320   0.824   58.      0.643   80.      0.918   72.      0.940   70.
  3          0.25505   0.780   59.      0.401  101.      0.918   72.      0.940   70.
  3          0.25690   0.780   59.      0.401  101.      0.918   78.      0.940   70.
  3          0.26244   0.817   63.      0.527   73.      0.975   87.      0.958   72.
  3          0.26428   0.879   50.      0.621   71.      0.975   87.      0.958   72.
  3          0.26613   0.879   50.      0.621   71.      0.961   93.      0.958   72.
  3          0.26798   0.879   50.      0.526   69.      0.961   93.      0.957   76.
  3          0.26982   0.872   42.      0.526   69.      0.951   92.      0.957   76.
  3          0.27168   0.872   42.      0.526   69.      0.951   92.      0.962   71.
  3          0.27352   0.865   36.      0.621   70.      0.951   92.      0.962   71.
  3          0.27721   0.865   36.      0.547   79.      0.959   90.      0.949   65.
  3          0.27906   0.844   46.      0.547   79.      0.977   97.      0.949   65.
  3          0.28091   0.844   46.      0.547   79.      0.977   97.      0.944   62.
  3          0.28460   0.808   43.      0.638   79.      0.981   98.      0.944   62.
  3          0.28644   0.808   43.      0.570   88.      0.981   98.      0.952   59.
  3          0.29014   0.775   31.      0.570   88.      0.979   99.      0.944   57.
  3          0.29199   0.762   40.      0.570   88.      0.979   99.      0.944   57.
  3          0.29753   0.762   40.      0.996   72.      0.972  100.      0.944   57.
  3          0.29937   0.762   40.      0.996   72.      0.972  100.      0.932   61.
  3          0.30122   0.771   26.      0.996   72.      0.972  100.      0.932   61.
  3          0.30306   0.771   26.      0.996   72.      0.972  100.      0.932   61.
  3          0.30492   0.771   26.      0.999   75.      0.972  100.      0.932   61.
  3          0.30676   0.771   26.      0.999   75.      0.987   92.      0.932   61.
  3          0.31046   0.674   34.      0.999   75.      0.987   92.      0.997   46.
  3          0.34433   1.000   45.      0.944   73.      0.999   85.      1.000   59.
  3          0.34614   1.000   45.      0.944   73.      0.955   97.      1.000   59.
  3          0.34798   1.000   45.      0.944   73.      0.955   97.      1.000   59.
  3          0.35353   1.000   45.      0.957   75.      0.955   97.      1.000   59.
  3          0.35538   1.000   45.      0.957   75.      0.956   92.      1.000   59.
  3          0.35722   1.000   45.      0.957   75.      0.956   92.      0.913   46.
  3          0.35907   0.995   48.      0.957   75.      0.956   92.      0.913   46.
  3          0.36091   0.995   48.      0.957   75.      0.956   92.      0.913   46.
  3          0.36276   0.995   48.      0.961   72.      0.956   92.      0.913   46.
  3          0.36462   0.995   48.      0.961   72.      0.965   93.      0.913   46.
  3          0.36831   0.993   50.      0.952   71.      0.961   96.      0.917   41.
  3          0.37015   0.993   50.      0.952   71.      0.961   96.      0.914   36.
  3          0.37200   0.993   52.      0.953   67.      0.961   96.      0.914   36.
  3          0.37384   0.993   52.      0.953   67.      0.967   94.      0.914   36.
  3          0.37569   0.993   52.      0.957   72.      0.967   94.      0.929   37.
  3          0.37753   0.994   51.      0.957   72.      0.961   96.      0.929   37.
  3          0.37938   0.994   51.      0.957   72.      0.961   96.      0.932   32.
  3          0.38308   0.994   53.      0.923   63.      0.964   93.      0.932   32.
  3          0.38677   0.985   48.      0.950   55.      0.993   86.      0.895   41.
  3          0.39046   0.982   50.      0.960   54.      0.993   86.      0.884   36.
  3          0.39231   0.982   50.      0.960   54.      0.994   86.      0.884   36.
  3          0.39416   0.982   50.      0.980   48.      0.994   86.      0.904   34.
  3          0.39786   0.985   50.      0.980   48.      0.995   87.      0.925   42.
  3          0.39970   0.984   48.      0.976   52.      0.995   87.      0.925   42.
  3          0.40155   0.984   48.      0.976   52.      0.996   87.      0.925   42.
  3          0.40339   0.984   48.      0.974   50.      0.996   87.      0.940   42.
  3          0.40524   0.980   52.      0.974   50.      0.999   85.      0.940   42.
  3          0.40708   0.980   52.      0.974   50.      0.999   85.      0.945   48.
  3          0.40893   0.978   50.      0.974   50.      0.999   85.      0.945   48.
  3          0.41078   0.978   50.      0.974   50.      0.999   85.      0.945   48.
  3          0.41262   0.978   50.      0.966   49.      0.999   85.      0.945   48.
  3          0.41448   0.978   50.      0.966   49.      1.000   84.      0.945   48.
  3          0.41817   0.971   50.      0.966   49.      1.000   84.      0.928   49.
  3          0.42186   0.971   50.      0.991   58.      1.000   84.      0.928   49.
  3          0.42371   0.971   50.      0.991   58.      1.000   84.      0.928   49.
  3          0.42555   0.971   50.      0.991   58.      1.000   84.      0.987   35.
  3          0.42740   0.993   59.      0.991   58.      1.000   84.      0.987   35.
