!Ant UT(days)    phs        X-slope (deg/deg) Y-slope   from MultiView fits
  4   0.10333    -26.         10.962          5.256
  4   0.10515    -19.          8.883          3.071
  4   0.10700    -22.          9.715          1.227
  4   0.10884    -21.         11.368          1.178
  4   0.11069    -21.         11.368          1.178
  4   0.11253    -21.         11.356          1.216
  4   0.11438    -18.         10.476          0.292
  4   0.11622    -17.         10.153          1.010
  4   0.11808    -18.          9.876          1.018
  4   0.11992    -18.          9.876          1.018
  4   0.12177    -19.          9.761          1.384
  4   0.12362    -17.          8.917          0.496
  4   0.12546    -19.          9.265         -0.204
  4   0.12731    -16.          6.159         -1.757
  4   0.12915    -18.          7.048         -3.728
  4   0.13100    -18.          5.959         -3.936
  4   0.13284    -18.          5.971         -3.924
  4   0.13470    -19.          6.082         -4.122
  4   0.13655    -19.          4.240         -4.637
  4   0.13839    -18.          4.015         -4.140
  4   0.14024    -18.          4.398         -4.028
  4   0.14208    -16.          3.801         -4.655
  4   0.14393    -16.          3.624         -4.268
  4   0.14577    -17.          0.884         -4.317
  4   0.14762    -17.          0.714         -3.941
  4   0.14948    -18.         -1.716         -3.975
  4   0.15132    -21.         -0.729         -2.937
  4   0.15317    -22.         -0.586         -3.221
  4   0.15501    -21.          0.386         -3.337
  4   0.15686    -22.          0.860         -4.387
  4   0.15870    -22.         -0.811         -4.706
  4   0.16055    -20.         -1.451         -5.379
  4   0.16239    -17.         -1.644         -5.073
  4   0.16424    -18.         -2.683         -4.875
  4   0.16610    -18.         -2.869         -4.461
  4   0.16794    -18.         -3.629         -4.439
  4   0.16979    -18.         -3.629         -4.439
  4   0.17163    -19.         -3.677         -4.284
  4   0.17348    -18.         -4.002         -4.625
  4   0.17532    -17.         -4.353         -3.845
  4   0.17717    -18.         -5.243         -3.819
  4   0.17902    -18.         -5.243         -3.819
  4   0.18087    -15.         -5.068         -4.377
  4   0.18272    -19.         -3.716         -2.956
  4   0.18456    -19.         -3.551         -3.323
  4   0.18641    -17.         -0.774         -3.404
  4   0.22738     -7.          5.095         -3.613
  4   0.22920     -5.          4.677         -4.052
  4   0.23104     -3.          3.693         -1.870
  4   0.23289     -6.         -0.559         -1.746
  4   0.23473     -6.         -0.559         -1.746
  4   0.23658    -10.         -0.825         -0.900
  4   0.23843    -11.         -0.220         -0.265
  4   0.24027    -10.         -0.857          1.148
  4   0.24213    -12.         -4.594          1.257
  4   0.24397    -12.         -4.594          1.257
  4   0.24582    -11.         -4.531          1.056
  4   0.24766    -13.         -3.774          1.852
  4   0.24951    -15.         -3.235          0.636
  4   0.25136    -17.         -2.266          1.587
  4   0.25320    -17.         -2.473          2.046
  4   0.25505    -19.         -4.088          2.452
  4   0.25690    -20.         -4.006          2.538
  4   0.25875    -28.         -3.786          2.460
  4   0.26059    -25.         -1.170          2.169
  4   0.26244    -25.         -1.450          2.789
  4   0.26428    -27.         -4.346          3.001
  4   0.26613    -23.         -5.807          1.465
  4   0.26798    -26.         -6.125          2.372
  4   0.26982    -27.         -5.939          2.825
  4   0.27168    -29.         -5.422          1.679
  4   0.27352    -27.         -4.283          1.447
  4   0.27537    -25.         -5.009          0.684
  4   0.27721    -23.         -5.121          0.858
  4   0.27906    -21.         -5.123          0.245
  4   0.28091    -23.         -4.437         -1.278
  4   0.28275    -20.         -1.815         -1.647
  4   0.28460    -20.         -1.948         -1.786
  4   0.28644    -25.         -1.978         -1.451
  4   0.28830    -22.         -5.139         -2.642
  4   0.29014    -22.         -5.319         -2.243
  4   0.29199    -22.         -5.249         -2.245
  4   0.29383    -22.         -5.249         -2.245
  4   0.29568    -17.         -4.951         -3.195
  4   0.29753    -13.         -6.330         -4.644
  4   0.29937    -12.         -6.930         -3.314
  4   0.30122    -14.        -10.122         -3.221
  4   0.30306    -14.        -10.122         -3.221
  4   0.30492    -13.        -10.063         -3.408
  4   0.30676    -17.         -8.644         -1.917
  4   0.30861    -18.         -8.192         -2.921
  4   0.31046    -18.         -8.299         -2.918
  4   0.34433    -47.          1.099         -5.964
  4   0.34614    -49.          1.535         -5.505
  4   0.34798    -49.          1.728         -5.932
  4   0.34983    -50.          1.187         -5.916
  4   0.35169    -50.          1.187         -5.916
  4   0.35353    -51.          1.126         -5.722
  4   0.35538    -51.          1.432         -5.400
  4   0.35722    -52.          1.564         -5.692
  4   0.35907    -52.          1.175         -5.681
  4   0.36091    -52.          1.175         -5.681
  4   0.36276    -52.          1.186         -5.714
  4   0.36462    -51.          0.894         -6.020
  4   0.36646    -54.          1.517         -7.359
  4   0.36831    -54.          1.910         -7.099
  4   0.37015    -56.          2.521         -8.455
  4   0.37200    -56.          2.762         -8.389
  4   0.37384    -54.          2.068         -9.119
  4   0.37569    -55.          2.079         -9.113
  4   0.37753    -54.          2.287         -9.269
  4   0.37938    -54.          2.331         -9.367
  4   0.38124    -56.          1.750         -9.107
  4   0.38308    -55.          1.512         -9.357
  4   0.38493    -57.          1.873        -10.134
  4   0.38677    -54.          2.643        -10.617
  4   0.38862    -56.          3.029        -11.471
  4   0.39046    -56.          3.549        -11.411
  4   0.39231    -55.          3.296        -11.677
  4   0.39416    -58.          4.520        -14.384
  4   0.39600    -58.          1.982        -15.029
  4   0.39786    -60.          2.846        -16.945
  4   0.39970    -61.          3.163        -16.840
  4   0.40155    -62.          3.704        -16.272
  4   0.40339    -66.          4.589        -18.161
  4   0.40524    -65.          5.153        -18.304
  4   0.40708    -67.          5.729        -19.582
  4   0.40893    -67.          5.856        -19.585
  4   0.41078    -67.          5.856        -19.585
  4   0.41262    -68.          5.795        -19.391
  4   0.41448    -69.          6.307        -18.852
  4   0.41632    -74.          7.816        -22.198
  4   0.41817    -74.          7.484        -22.188
  4   0.42001    -74.          7.484        -22.188
  4   0.42186    -73.          7.526        -22.320
  4   0.42371    -74.          7.789        -22.044
  4   0.42555      9.        -21.246         42.335
  4   0.42740      7.        -24.258         42.423
