!Ant UT(days)    phs        X-slope (deg/deg) Y-slope   from MultiView fits
  2   0.10333    -62.         13.489          8.324
  2   0.10515    -50.          9.666          4.305
  2   0.10700    -49.          9.294          5.130
  2   0.10884    -49.         10.179          5.104
  2   0.11069    -49.         10.179          5.104
  2   0.11253    -48.         10.209          5.007
  2   0.11438    -42.          8.176          2.870
  2   0.11622    -40.          7.393          4.608
  2   0.11808    -41.          6.838          4.624
  2   0.11992    -41.          6.838          4.624
  2   0.12177    -41.          6.775          4.824
  2   0.12362    -37.          5.244          3.215
  2   0.12546    -39.          5.914          1.714
  2   0.12731    -31.          4.960         -0.691
  2   0.12915    -31.          4.799         -0.332
  2   0.13100    -31.          2.713         -0.517
  2   0.13284    -30.          2.534         -0.706
  2   0.13470    -35.          3.393         -2.501
  2   0.13655    -30.          0.754         -4.330
  2   0.13839    -31.          0.877         -4.601
  2   0.14024    -28.          3.015         -4.975
  2   0.14208    -26.          2.439         -5.580
  2   0.14393    -26.          3.012         -6.961
  2   0.14577    -30.          1.279         -5.963
  2   0.14762    -32.          1.867         -7.267
  2   0.14948    -33.          0.594         -7.038
  2   0.15132    -38.          2.220         -5.329
  2   0.15317    -40.          2.729         -6.453
  2   0.15501    -41.          0.658         -6.547
  2   0.15686    -44.          1.800         -9.079
  2   0.15870    -44.          0.501         -9.117
  2   0.16055    -41.         -0.576        -10.249
  2   0.16239    -39.         -0.811         -9.823
  2   0.16424    -41.         -3.674         -9.602
  2   0.16610    -42.         -3.497         -9.992
  2   0.16794    -44.         -6.652         -9.900
  2   0.16979    -44.         -6.652         -9.900
  2   0.17163    -45.         -6.700         -9.747
  2   0.17348    -44.         -6.881         -9.939
  2   0.17532    -43.         -7.315         -8.977
  2   0.17717    -45.         -9.943         -8.901
  2   0.17902    -45.         -9.943         -8.901
  2   0.18087    -47.        -10.075         -8.480
  2   0.18272    -54.         -7.472         -5.744
  2   0.18456    -55.         -7.408         -5.886
  2   0.18641    -55.         -8.142         -5.865
  2   0.22738    -22.          1.216          2.229
  2   0.22920    -21.          0.812          1.805
  2   0.23104    -17.         -0.393          4.477
  2   0.23289    -19.         -3.661          4.572
  2   0.23473    -19.         -3.661          4.572
  2   0.23843    -24.         -1.874          6.413
  2   0.24213    -26.         -4.175          6.419
  2   0.24397    -26.         -4.175          6.419
  2   0.24582    -29.         -4.375          7.054
  2   0.24766    -25.         -5.783          5.573
  2   0.24951    -25.         -5.302          4.429
  2   0.25136    -26.         -5.622          4.696
  2   0.25320    -25.         -5.994          5.522
  2   0.25505    -31.         -8.233          6.540
  2   0.25690    -27.         -9.456          5.255
  2   0.25875    -34.         -9.263          5.150
  2   0.26059    -31.         -8.524          4.490
  2   0.26244    -31.         -8.515          4.471
  2   0.26428    -32.         -9.824          4.536
  2   0.26613    -31.        -10.172          4.171
  2   0.26798    -33.        -10.482          5.015
  2   0.26982    -33.        -11.157          4.769
  2   0.27168    -35.        -10.448          3.197
  2   0.27352    -32.         -9.844          2.577
  2   0.27537    -32.         -9.712          2.715
  2   0.27721    -35.        -10.142          3.885
  2   0.27906    -29.        -10.639          1.967
  2   0.28275    -25.         -8.810          0.754
  2   0.28460    -29.         -7.551          2.077
  2   0.28644    -29.         -7.064          0.912
  2   0.28830    -33.         -8.693          1.806
  2   0.29014    -32.         -8.800          2.043
  2   0.29199    -32.         -8.708          2.040
  2   0.29383    -32.         -8.708          2.040
  2   0.29568    -27.         -8.363          0.943
  2   0.29753    -30.         -7.213          2.152
  2   0.29937    -29.         -7.623          3.062
  2   0.30122    -31.         -9.993          3.131
  2   0.30306    -31.         -9.993          3.131
  2   0.30492    -27.         -9.760          2.390
  2   0.30676    -31.         -8.539          3.673
  2   0.31046    -33.         -7.926          2.350
  2   0.34433    -58.         -3.014         -1.294
  2   0.34614    -57.         -3.333         -1.629
  2   0.34798    -58.         -3.207         -1.910
  2   0.34983    -58.         -3.540         -1.900
  2   0.35169    -58.         -3.540         -1.900
  2   0.35353    -57.         -3.495         -2.042
  2   0.35722    -59.         -2.829         -2.784
  2   0.36091    -60.         -3.422         -2.767
  2   0.36276    -58.         -3.346         -3.009
  2   0.36462    -57.         -3.969         -3.664
  2   0.36646    -61.         -3.323         -4.960
  2   0.36831    -60.         -2.906         -5.122
  2   0.37015    -61.         -2.735         -5.500
  2   0.37200    -59.         -2.452         -5.912
  2   0.37569    -55.         -3.303         -5.547
  2   0.37753    -54.         -4.716         -5.909
  2   0.37938    -56.         -4.246         -6.951
  2   0.38124    -56.         -4.827         -6.908
  2   0.38308    -54.         -5.369         -7.477
  2   0.38493    -53.         -5.098         -8.215
  2   0.38677    -51.         -4.052         -8.593
  2   0.38862    -52.         -3.718         -9.333
  2   0.39046    -51.         -3.541         -9.445
  2   0.39231    -49.         -4.231        -10.171
  2   0.39416    -51.         -3.277        -12.336
  2   0.39600    -49.         -5.370        -13.270
  2   0.39786    -50.         -5.089        -13.893
  2   0.39970    -51.         -4.832        -13.659
  2   0.40155    -51.         -4.694        -13.513
  2   0.40339    -51.         -4.990        -12.841
  2   0.40524    -50.         -5.737        -13.025
  2   0.40708    -49.         -6.255        -11.877
  2   0.40893    -50.         -7.205        -11.849
  2   0.41078    -50.         -7.205        -11.849
  2   0.41262    -51.         -7.301        -11.544
  2   0.41448    -50.         -7.693        -11.956
  2   0.41632    -53.         -6.590        -14.401
  2   0.41817    -52.         -5.577        -14.431
  2   0.42001    -52.         -5.577        -14.431
  2   0.42186    -52.         -5.540        -14.547
  2   0.42371    -51.         -5.658        -14.671
  2   0.42555    -54.         -4.908        -16.335
  2   0.42740    -56.         -8.127        -16.241
