! Processing antenna # 2
!Ant        UT(days)    Amp   phs        Amp   phs        Amp   phs        Amp   phs    for QSOs
  2          0.10333   0.634  -15.      0.921  -40.      0.979 -107.      1.000  -42.
  2          0.10515   0.634  -15.      0.921  -40.      0.534  -77.      1.000  -42.
  2          0.10700   0.634  -15.      0.921  -40.      0.534  -77.      0.994  -38.
  2          0.10884   0.753  -10.      0.921  -40.      0.534  -77.      0.994  -38.
  2          0.11069   0.753  -10.      0.921  -40.      0.534  -77.      0.994  -38.
  2          0.11253   0.753  -10.      0.940  -38.      0.534  -77.      0.994  -38.
  2          0.11438   0.753  -10.      0.940  -38.      0.608  -60.      0.994  -38.
  2          0.11622   0.753  -10.      0.940  -38.      0.608  -60.      0.956  -28.
  2          0.11808   0.812  -13.      0.940  -38.      0.608  -60.      0.956  -28.
  2          0.11992   0.812  -13.      0.940  -38.      0.608  -60.      0.956  -28.
  2          0.12177   0.812  -13.      0.944  -42.      0.608  -60.      0.956  -28.
  2          0.12362   0.812  -13.      0.944  -42.      0.647  -48.      0.956  -28.
  2          0.12546   0.812  -13.      0.931  -41.      0.647  -48.      0.931  -36.
  2          0.12731   0.831   -6.      0.931  -41.      0.763  -30.      0.931  -36.
  2          0.12915   0.831   -6.      0.931  -41.      0.763  -30.      0.916  -34.
  2          0.13100   0.870  -17.      0.933  -36.      0.763  -30.      0.916  -34.
  2          0.13284   0.870  -17.      0.933  -36.      0.810  -29.      0.916  -34.
  2          0.13470   0.870  -17.      0.950  -43.      0.810  -29.      0.857  -45.
  2          0.13655   0.886  -22.      0.950  -43.      0.943  -15.      0.857  -45.
  2          0.13839   0.886  -22.      0.950  -43.      0.943  -15.      0.822  -47.
  2          0.14024   0.942  -11.      0.940  -37.      0.943  -15.      0.822  -47.
  2          0.14208   0.942  -11.      0.940  -37.      0.942  -10.      0.822  -47.
  2          0.14393   0.942  -11.      0.960  -30.      0.942  -10.      0.845  -52.
  2          0.14577   0.829  -25.      0.960  -30.      0.965  -17.      0.845  -52.
  2          0.14762   0.829  -25.      0.960  -30.      0.965  -17.      0.833  -59.
  2          0.14948   0.807  -31.      0.960  -34.      0.965  -17.      0.833  -59.
  2          0.15132   0.807  -31.      0.960  -34.      0.851  -30.      0.833  -59.
  2          0.15317   0.807  -31.      0.950  -34.      0.851  -30.      0.850  -65.
  2          0.15501   0.802  -41.      0.950  -34.      0.815  -29.      0.850  -65.
  2          0.15686   0.802  -41.      0.950  -34.      0.815  -29.      0.983  -78.
  2          0.15870   0.776  -48.      0.959  -33.      0.815  -29.      0.983  -78.
  2          0.16055   0.776  -48.      0.959  -33.      0.819  -20.      0.983  -78.
  2          0.16239   0.776  -48.      0.974  -27.      0.819  -20.      0.978  -75.
  2          0.16424   0.712  -63.      0.974  -27.      0.774  -21.      0.978  -75.
  2          0.16610   0.712  -63.      0.974  -27.      0.774  -21.      0.975  -77.
  2          0.16794   0.878  -79.      0.974  -27.      0.774  -21.      0.975  -77.
  2          0.16979   0.878  -79.      0.974  -27.      0.774  -21.      0.975  -77.
  2          0.17163   0.878  -79.      0.970  -30.      0.774  -21.      0.975  -77.
  2          0.17348   0.878  -79.      0.970  -30.      0.700  -20.      0.975  -77.
  2          0.17532   0.878  -79.      0.970  -30.      0.700  -20.      0.982  -72.
  2          0.17717   0.948  -93.      0.970  -30.      0.700  -20.      0.982  -72.
  2          0.17902   0.948  -93.      0.970  -30.      0.700  -20.      0.982  -72.
  2          0.18087   0.948  -93.      0.984  -38.      0.700  -20.      0.982  -72.
  2          0.18272   0.948  -93.      0.984  -38.      0.648  -41.      0.982  -72.
  2          0.18456   0.948  -93.      0.984  -38.      0.648  -41.      0.974  -72.
  2          0.18641   0.928  -97.      0.984  -38.      0.648  -41.      0.974  -72.
  2          0.22738   0.988  -16.      0.847  -22.      0.994  -28.      0.991  -15.
  2          0.22920   0.988  -16.      0.847  -22.      0.993  -25.      0.991  -15.
  2          0.23104   0.988  -16.      0.847  -22.      0.993  -25.      0.933   -0.
  2          0.23289   0.904  -33.      0.847  -22.      0.993  -25.      0.933   -0.
  2          0.23473   0.904  -33.      0.847  -22.      0.993  -25.      0.933   -0.
  2          0.23843   0.904  -33.      0.885  -22.      0.892  -39.      0.933   -0.
  2          0.24213   0.870  -45.      0.885  -22.      0.892  -39.      0.950   -1.
  2          0.24397   0.870  -45.      0.885  -22.      0.892  -39.      0.950   -1.
  2          0.24582   0.870  -45.      0.829  -34.      0.892  -39.      0.950   -1.
  2          0.24766   0.870  -45.      0.829  -34.      0.843  -28.      0.950   -1.
  2          0.24951   0.870  -45.      0.798  -29.      0.843  -28.      0.948   -5.
  2          0.25136   0.892  -48.      0.798  -29.      0.806  -30.      0.948   -5.
  2          0.25320   0.892  -48.      0.798  -29.      0.806  -30.      0.948   -1.
  2          0.25505   0.939  -58.      0.582  -47.      0.806  -30.      0.948   -1.
  2          0.25690   0.939  -58.      0.582  -47.      0.803  -20.      0.948   -1.
  2          0.25875   0.939  -58.      0.689  -67.      0.803  -20.      0.937   -7.
  2          0.26059   0.925  -51.      0.689  -67.      0.764  -15.      0.937   -7.
  2          0.26244   0.925  -51.      0.689  -67.      0.764  -15.      0.921   -7.
  2          0.26428   0.937  -58.      0.751  -67.      0.764  -15.      0.921   -7.
  2          0.26613   0.937  -58.      0.751  -67.      0.808  -13.      0.921   -7.
  2          0.26798   0.937  -58.      0.732  -77.      0.808  -13.      0.935   -6.
  2          0.26982   0.947  -60.      0.732  -77.      0.762  -11.      0.935   -6.
  2          0.27168   0.947  -60.      0.732  -77.      0.762  -11.      0.971  -14.
  2          0.27352   0.937  -58.      0.737  -66.      0.762  -11.      0.971  -14.
  2          0.27537   0.937  -58.      0.737  -66.      0.809  -12.      0.971  -14.
  2          0.27721   0.937  -58.      0.766  -79.      0.809  -12.      0.974  -12.
  2          0.27906   0.925  -51.      0.766  -79.      0.976    3.      0.974  -12.
  2          0.28275   0.943  -44.      0.741  -66.      0.976    3.      0.972  -14.
  2          0.28460   0.943  -44.      0.741  -66.      0.915   -8.      0.972  -14.
  2          0.28644   0.943  -44.      0.688  -61.      0.915   -8.      0.965  -19.
  2          0.28830   0.854  -57.      0.688  -61.      0.920  -14.      0.965  -19.
  2          0.29014   0.854  -57.      0.688  -61.      0.920  -14.      0.957  -17.
  2          0.29199   0.817  -56.      0.688  -61.      0.920  -14.      0.957  -17.
  2          0.29383   0.817  -56.      0.688  -61.      0.920  -14.      0.957  -17.
  2          0.29568   0.817  -56.      0.938  -40.      0.920  -14.      0.957  -17.
  2          0.29753   0.817  -56.      0.938  -40.      0.941  -23.      0.957  -17.
  2          0.29937   0.817  -56.      0.938  -40.      0.941  -23.      0.956  -13.
  2          0.30122   0.824  -68.      0.938  -40.      0.941  -23.      0.956  -13.
  2          0.30306   0.824  -68.      0.938  -40.      0.941  -23.      0.956  -13.
  2          0.30492   0.824  -68.      0.998  -26.      0.941  -23.      0.956  -13.
  2          0.30676   0.824  -68.      0.998  -26.      0.952  -33.      0.956  -13.
  2          0.31046   0.736  -68.      0.998  -26.      0.952  -33.      0.954  -20.
  2          0.34433   0.996  -60.      0.879  -84.      1.000  -39.      0.989  -59.
  2          0.34614   0.996  -60.      0.879  -84.      0.998  -37.      0.989  -59.
  2          0.34798   0.996  -60.      0.879  -84.      0.998  -37.      0.992  -61.
  2          0.34983   0.996  -61.      0.879  -84.      0.998  -37.      0.992  -61.
  2          0.35169   0.996  -61.      0.879  -84.      0.998  -37.      0.992  -61.
  2          0.35353   0.996  -61.      0.907  -82.      0.998  -37.      0.992  -61.
  2          0.35722   0.996  -61.      0.907  -82.      0.997  -39.      0.982  -66.
  2          0.36091   0.993  -65.      0.907  -82.      0.997  -39.      0.982  -66.
  2          0.36276   0.993  -65.      0.914  -77.      0.997  -39.      0.982  -66.
  2          0.36462   0.993  -65.      0.914  -77.      0.982  -34.      0.982  -66.
  2          0.36646   0.993  -65.      0.945  -85.      0.982  -34.      0.931  -75.
  2          0.36831   0.990  -62.      0.945  -85.      0.979  -32.      0.931  -75.
  2          0.37015   0.990  -62.      0.945  -85.      0.979  -32.      0.917  -77.
  2          0.37200   0.987  -61.      0.922  -78.      0.979  -32.      0.917  -77.
  2          0.37569   0.987  -61.      0.923  -72.      0.976  -29.      0.915  -71.
  2          0.37753   0.972  -66.      0.923  -72.      0.976  -26.      0.915  -71.
  2          0.37938   0.972  -66.      0.923  -72.      0.976  -26.      0.914  -77.
  2          0.38124   0.972  -69.      0.938  -73.      0.976  -26.      0.914  -77.
  2          0.38308   0.972  -69.      0.938  -73.      0.970  -22.      0.914  -77.
  2          0.38493   0.972  -69.      0.981  -64.      0.970  -22.      0.930  -78.
  2          0.38677   0.947  -62.      0.981  -64.      0.967  -19.      0.930  -78.
  2          0.38862   0.947  -62.      0.981  -64.      0.967  -19.      0.922  -82.
  2          0.39046   0.935  -61.      0.982  -62.      0.967  -19.      0.922  -82.
  2          0.39231   0.935  -61.      0.982  -62.      0.956  -14.      0.922  -82.
  2          0.39416   0.935  -61.      0.985  -59.      0.956  -14.      0.873  -93.
  2          0.39600   0.927  -67.      0.985  -59.      0.987   -6.      0.873  -93.
  2          0.39786   0.927  -67.      0.985  -59.      0.987   -6.      0.848  -96.
  2          0.39970   0.911  -66.      0.975  -64.      0.987   -6.      0.848  -96.
  2          0.40155   0.911  -66.      0.975  -64.      0.989   -7.      0.848  -96.
  2          0.40339   0.911  -66.      0.969  -65.      0.989   -7.      0.873  -93.
  2          0.40524   0.925  -69.      0.969  -65.      0.988   -6.      0.873  -93.
  2          0.40708   0.925  -69.      0.969  -65.      0.988   -6.      0.863  -86.
  2          0.40893   0.922  -73.      0.969  -65.      0.988   -6.      0.863  -86.
  2          0.41078   0.922  -73.      0.969  -65.      0.988   -6.      0.863  -86.
  2          0.41262   0.922  -73.      0.979  -70.      0.988   -6.      0.863  -86.
  2          0.41448   0.922  -73.      0.979  -70.      0.990   -3.      0.863  -86.
  2          0.41632   0.922  -73.      0.979  -70.      0.990   -3.      0.909  -99.
  2          0.41817   0.910  -68.      0.979  -70.      0.990   -3.      0.909  -99.
  2          0.42001   0.910  -68.      0.979  -70.      0.990   -3.      0.909  -99.
  2          0.42186   0.910  -68.      0.970  -68.      0.990   -3.      0.909  -99.
  2          0.42371   0.910  -68.      0.970  -68.      0.985   -2.      0.909  -99.
  2          0.42555   0.910  -68.      0.970  -68.      0.985   -2.      0.893 -108.
  2          0.42740   0.995  -85.      0.970  -68.      0.985   -2.      0.893 -108.
