! Processing antenna # 1
!Ant        UT(days)    Amp   phs        Amp   phs        Amp   phs        Amp   phs    for QSOs
  1          0.10333   1.000    0.      1.000    0.      1.000    0.      1.000    0.
  1          0.10515   1.000    0.      1.000    0.      1.000    0.      1.000    0.
  1          0.10700   1.000    0.      1.000    0.      1.000    0.      1.000    0.
  1          0.10884   1.000    0.      1.000    0.      1.000    0.      1.000    0.
  1          0.11069   1.000    0.      1.000    0.      1.000    0.      1.000    0.
  1          0.11253   1.000    0.      1.000    0.      1.000    0.      1.000    0.
  1          0.11438   1.000    0.      1.000    0.      1.000    0.      1.000    0.
  1          0.11622   1.000    0.      1.000    0.      1.000    0.      1.000    0.
  1          0.11808   1.000    0.      1.000    0.      1.000    0.      1.000    0.
  1          0.11992   1.000    0.      1.000    0.      1.000    0.      1.000    0.
  1          0.12177   1.000    0.      1.000    0.      1.000    0.      1.000    0.
  1          0.12362   1.000    0.      1.000    0.      1.000    0.      1.000    0.
  1          0.12546   1.000    0.      1.000    0.      1.000    0.      1.000    0.
  1          0.12731   1.000    0.      1.000    0.      1.000    0.      1.000    0.
  1          0.12915   1.000    0.      1.000    0.      1.000    0.      1.000    0.
  1          0.13100   1.000    0.      1.000    0.      1.000    0.      1.000    0.
  1          0.13284   1.000    0.      1.000    0.      1.000    0.      1.000    0.
  1          0.13470   1.000    0.      1.000    0.      1.000    0.      1.000    0.
  1          0.13655   1.000    0.      1.000    0.      1.000    0.      1.000    0.
  1          0.13839   1.000    0.      1.000    0.      1.000    0.      1.000    0.
  1          0.14024   1.000    0.      1.000    0.      1.000    0.      1.000    0.
  1          0.14208   1.000    0.      1.000    0.      1.000    0.      1.000    0.
  1          0.14393   1.000    0.      1.000    0.      1.000    0.      1.000    0.
  1          0.14577   1.000    0.      1.000    0.      1.000    0.      1.000    0.
  1          0.14762   1.000    0.      1.000    0.      1.000    0.      1.000    0.
  1          0.14948   1.000    0.      1.000    0.      1.000    0.      1.000    0.
  1          0.15132   1.000    0.      1.000    0.      1.000    0.      1.000    0.
  1          0.15317   1.000    0.      1.000    0.      1.000    0.      1.000    0.
  1          0.15501   1.000    0.      1.000    0.      1.000    0.      1.000    0.
  1          0.15686   1.000    0.      1.000    0.      1.000    0.      1.000    0.
  1          0.15870   1.000    0.      1.000    0.      1.000    0.      1.000    0.
  1          0.16055   1.000    0.      1.000    0.      1.000    0.      1.000    0.
  1          0.16239   1.000    0.      1.000    0.      1.000    0.      1.000    0.
  1          0.16424   1.000    0.      1.000    0.      1.000    0.      1.000    0.
  1          0.16610   1.000    0.      1.000    0.      1.000    0.      1.000    0.
  1          0.16794   1.000    0.      1.000    0.      1.000    0.      1.000    0.
  1          0.16979   1.000    0.      1.000    0.      1.000    0.      1.000    0.
  1          0.17348   1.000    0.      1.000    0.      1.000    0.      1.000    0.
  1          0.17532   1.000    0.      1.000    0.      1.000    0.      1.000    0.
  1          0.17717   1.000    0.      1.000    0.      1.000    0.      1.000    0.
  1          0.17902   1.000    0.      1.000    0.      1.000    0.      1.000    0.
  1          0.18087   1.000    0.      1.000    0.      1.000    0.      1.000    0.
  1          0.18272   1.000    0.      1.000    0.      1.000    0.      1.000    0.
  1          0.18456   1.000    0.      1.000    0.      1.000    0.      1.000    0.
  1          0.18641   1.000    0.      1.000    0.      1.000    0.      1.000    0.
  1          0.22738   1.000    0.      1.000    0.      1.000    0.      1.000    0.
  1          0.22920   1.000    0.      1.000    0.      1.000    0.      1.000    0.
  1          0.23104   1.000    0.      1.000    0.      1.000    0.      1.000    0.
  1          0.23289   1.000    0.      1.000    0.      1.000    0.      1.000    0.
  1          0.23473   1.000    0.      1.000    0.      1.000    0.      1.000    0.
  1          0.23658   1.000    0.      1.000    0.      1.000    0.      1.000    0.
  1          0.23843   1.000    0.      1.000    0.      1.000    0.      1.000    0.
  1          0.24027   1.000    0.      1.000    0.      1.000    0.      1.000    0.
  1          0.24213   1.000    0.      1.000    0.      1.000    0.      1.000    0.
  1          0.24397   1.000    0.      1.000    0.      1.000    0.      1.000    0.
  1          0.24582   1.000    0.      1.000    0.      1.000    0.      1.000    0.
  1          0.24766   1.000    0.      1.000    0.      1.000    0.      1.000    0.
  1          0.24951   1.000    0.      1.000    0.      1.000    0.      1.000    0.
  1          0.25136   1.000    0.      1.000    0.      1.000    0.      1.000    0.
  1          0.25320   1.000    0.      1.000    0.      1.000    0.      1.000    0.
  1          0.25505   1.000    0.      1.000    0.      1.000    0.      1.000    0.
  1          0.25690   1.000    0.      1.000    0.      1.000    0.      1.000    0.
  1          0.25875   1.000    0.      1.000    0.      1.000    0.      1.000    0.
  1          0.26059   1.000    0.      1.000    0.      1.000    0.      1.000    0.
  1          0.26244   1.000    0.      1.000    0.      1.000    0.      1.000    0.
  1          0.26428   1.000    0.      1.000    0.      1.000    0.      1.000    0.
  1          0.26613   1.000    0.      1.000    0.      1.000    0.      1.000    0.
  1          0.26798   1.000    0.      1.000    0.      1.000    0.      1.000    0.
  1          0.26982   1.000    0.      1.000    0.      1.000    0.      1.000    0.
  1          0.27168   1.000    0.      1.000    0.      1.000    0.      1.000    0.
  1          0.27352   1.000    0.      1.000    0.      1.000    0.      1.000    0.
  1          0.27537   1.000    0.      1.000    0.      1.000    0.      1.000    0.
  1          0.27721   1.000    0.      1.000    0.      1.000    0.      1.000    0.
  1          0.27906   1.000    0.      1.000    0.      1.000    0.      1.000    0.
  1          0.28091   1.000    0.      1.000    0.      1.000    0.      1.000    0.
  1          0.28275   1.000    0.      1.000    0.      1.000    0.      1.000    0.
  1          0.28460   1.000    0.      1.000    0.      1.000    0.      1.000    0.
  1          0.28644   1.000    0.      1.000    0.      1.000    0.      1.000    0.
  1          0.28830   1.000    0.      1.000    0.      1.000    0.      1.000    0.
  1          0.29014   1.000    0.      1.000    0.      1.000    0.      1.000    0.
  1          0.29199   1.000    0.      1.000    0.      1.000    0.      1.000    0.
  1          0.29383   1.000    0.      1.000    0.      1.000    0.      1.000    0.
  1          0.29568   1.000    0.      1.000    0.      1.000    0.      1.000    0.
  1          0.29753   1.000    0.      1.000    0.      1.000    0.      1.000    0.
  1          0.29937   1.000    0.      1.000    0.      1.000    0.      1.000    0.
  1          0.30122   1.000    0.      1.000    0.      1.000    0.      1.000    0.
  1          0.30306   1.000    0.      1.000    0.      1.000    0.      1.000    0.
  1          0.30492   1.000    0.      1.000    0.      1.000    0.      1.000    0.
  1          0.30676   1.000    0.      1.000    0.      1.000    0.      1.000    0.
  1          0.30861   1.000    0.      1.000    0.      1.000    0.      1.000    0.
  1          0.31046   1.000    0.      1.000    0.      1.000    0.      1.000    0.
  1          0.34433   1.000    0.      1.000    0.      1.000    0.      1.000    0.
  1          0.34614   1.000    0.      1.000    0.      1.000    0.      1.000    0.
  1          0.34798   1.000    0.      1.000    0.      1.000    0.      1.000    0.
  1          0.34983   1.000    0.      1.000    0.      1.000    0.      1.000    0.
  1          0.35169   1.000    0.      1.000    0.      1.000    0.      1.000    0.
  1          0.35353   1.000    0.      1.000    0.      1.000    0.      1.000    0.
  1          0.35538   1.000    0.      1.000    0.      1.000    0.      1.000    0.
  1          0.35722   1.000    0.      1.000    0.      1.000    0.      1.000    0.
  1          0.35907   1.000    0.      1.000    0.      1.000    0.      1.000    0.
  1          0.36091   1.000    0.      1.000    0.      1.000    0.      1.000    0.
  1          0.36276   1.000    0.      1.000    0.      1.000    0.      1.000    0.
  1          0.36462   1.000    0.      1.000    0.      1.000    0.      1.000    0.
  1          0.36646   1.000    0.      1.000    0.      1.000    0.      1.000    0.
  1          0.36831   1.000    0.      1.000    0.      1.000    0.      1.000    0.
  1          0.37015   1.000    0.      1.000    0.      1.000    0.      1.000    0.
  1          0.37200   1.000    0.      1.000    0.      1.000    0.      1.000    0.
  1          0.37384   1.000    0.      1.000    0.      1.000    0.      1.000    0.
  1          0.37569   1.000    0.      1.000    0.      1.000    0.      1.000    0.
  1          0.37753   1.000    0.      1.000    0.      1.000    0.      1.000    0.
  1          0.37938   1.000    0.      1.000    0.      1.000    0.      1.000    0.
  1          0.38124   1.000    0.      1.000    0.      1.000    0.      1.000    0.
  1          0.38308   1.000    0.      1.000    0.      1.000    0.      1.000    0.
  1          0.38493   1.000    0.      1.000    0.      1.000    0.      1.000    0.
  1          0.38677   1.000    0.      1.000    0.      1.000    0.      1.000    0.
  1          0.38862   1.000    0.      1.000    0.      1.000    0.      1.000    0.
  1          0.39046   1.000    0.      1.000    0.      1.000    0.      1.000    0.
  1          0.39231   1.000    0.      1.000    0.      1.000    0.      1.000    0.
  1          0.39416   1.000    0.      1.000    0.      1.000    0.      1.000    0.
  1          0.39600   1.000    0.      1.000    0.      1.000    0.      1.000    0.
  1          0.39786   1.000    0.      1.000    0.      1.000    0.      1.000    0.
  1          0.39970   1.000    0.      1.000    0.      1.000    0.      1.000    0.
  1          0.40155   1.000    0.      1.000    0.      1.000    0.      1.000    0.
  1          0.40339   1.000    0.      1.000    0.      1.000    0.      1.000    0.
  1          0.40524   1.000    0.      1.000    0.      1.000    0.      1.000    0.
  1          0.40708   1.000    0.      1.000    0.      1.000    0.      1.000    0.
  1          0.40893   1.000    0.      1.000    0.      1.000    0.      1.000    0.
  1          0.41078   1.000    0.      1.000    0.      1.000    0.      1.000    0.
  1          0.41262   1.000    0.      1.000    0.      1.000    0.      1.000    0.
  1          0.41448   1.000    0.      1.000    0.      1.000    0.      1.000    0.
  1          0.41632   1.000    0.      1.000    0.      1.000    0.      1.000    0.
  1          0.41817   1.000    0.      1.000    0.      1.000    0.      1.000    0.
  1          0.42001   1.000    0.      1.000    0.      1.000    0.      1.000    0.
  1          0.42186   1.000    0.      1.000    0.      1.000    0.      1.000    0.
  1          0.42371   1.000    0.      1.000    0.      1.000    0.      1.000    0.
  1          0.42555   1.000    0.      1.000    0.      1.000    0.      1.000    0.
  1          0.42740   1.000    0.      1.000    0.      1.000    0.      1.000    0.
