! Processing antenna # 3
!Ant        UT(days)  phs      phs      phs      phs    for QSOs
  3          0.10333  121.      34.       1.      97.
  3          0.10515  121.      34.      29.      97.
  3          0.10700  121.      34.      29.      69.
  3          0.10884  128.      34.      29.      69.
  3          0.11069  128.      34.      29.      69.
  3          0.11253  128.      40.      29.      69.
  3          0.11438  128.      40.      22.      69.
  3          0.11808   64.      40.      22.      91.
  3          0.12362   64.      46.      38.      91.
  3          0.12731   78.      36.      54.      72.
  3          0.12915   78.      36.      54.      54.
  3          0.13284   54.      39.      70.      54.
  3          0.13470   54.      53.      70.      35.
  3          0.13655   47.      53.      71.      35.
  3          0.13839   47.      53.      71.      19.
  3          0.14024   21.      52.      71.      19.
  3          0.14577   21.      52.      90.      11.
  3          0.14762   21.      52.      90.      12.
  3          0.14948   38.      63.      90.      12.
  3          0.15132   38.      63.      70.      12.
  3          0.15317   38.      66.      70.      11.
  3          0.15501   50.      66.      90.      11.
  3          0.15686   50.      66.      90.       1.
  3          0.15870   61.      76.      90.       1.
  3          0.16055   61.      76.      90.       1.
  3          0.16239   61.      80.      90.      -3.
  3          0.16794   52.      80.      92.      -8.
  3          0.16979   52.      80.      92.      -8.
  3          0.17163   52.      92.      92.      -8.
  3          0.17532   52.      92.      54.      -5.
  3          0.17717   57.      92.      54.      -5.
  3          0.17902   57.      92.      54.      -5.
  3          0.18087   57.     112.      54.      -5.
  3          0.18456   57.     112.       6.      -4.
  3          0.18641   75.     112.       6.      -4.
  3          0.22738   84.     107.      65.      62.
  3          0.22920   84.     107.      76.      62.
  3          0.23289   78.     107.      76.      73.
  3          0.23473   78.     107.      76.      73.
  3          0.23658   78.      89.      76.      73.
  3          0.23843   78.      89.      73.      73.
  3          0.24027   78.      89.      73.      74.
  3          0.24213   71.      89.      73.      74.
  3          0.24582   71.      81.      73.      74.
  3          0.24766   71.      81.      77.      74.
  3          0.24951   71.      80.      77.      73.
  3          0.25136   58.      80.      72.      73.
  3          0.25320   58.      80.      72.      70.
  3          0.25505   59.     101.      72.      70.
  3          0.25690   59.     101.      78.      70.
  3          0.26244   63.      73.      87.      72.
  3          0.26428   50.      71.      87.      72.
  3          0.26613   50.      71.      93.      72.
  3          0.26798   50.      69.      93.      76.
  3          0.26982   42.      69.      92.      76.
  3          0.27168   42.      69.      92.      71.
  3          0.27352   36.      70.      92.      71.
  3          0.27721   36.      79.      90.      65.
  3          0.27906   46.      79.      97.      65.
  3          0.28091   46.      79.      97.      62.
  3          0.28460   43.      79.      98.      62.
  3          0.28644   43.      88.      98.      59.
  3          0.29014   31.      88.      99.      57.
  3          0.29199   40.      88.      99.      57.
  3          0.29753   40.      72.     100.      57.
  3          0.29937   40.      72.     100.      61.
  3          0.30122   26.      72.     100.      61.
  3          0.30306   26.      72.     100.      61.
  3          0.30492   26.      75.     100.      61.
  3          0.30676   26.      75.      92.      61.
  3          0.31046   34.      75.      92.      46.
  3          0.34433   45.      73.      85.      59.
  3          0.34614   45.      73.      97.      59.
  3          0.34798   45.      73.      97.      59.
  3          0.35353   45.      75.      97.      59.
  3          0.35538   45.      75.      92.      59.
  3          0.35722   45.      75.      92.      46.
  3          0.35907   48.      75.      92.      46.
  3          0.36091   48.      75.      92.      46.
  3          0.36276   48.      72.      92.      46.
  3          0.36462   48.      72.      93.      46.
  3          0.36831   50.      71.      96.      41.
  3          0.37015   50.      71.      96.      36.
  3          0.37200   52.      67.      96.      36.
  3          0.37384   52.      67.      94.      36.
  3          0.37569   52.      72.      94.      37.
  3          0.37753   51.      72.      96.      37.
  3          0.37938   51.      72.      96.      32.
  3          0.38308   53.      63.      93.      32.
  3          0.38677   48.      55.      86.      41.
  3          0.39046   50.      54.      86.      36.
  3          0.39231   50.      54.      86.      36.
  3          0.39416   50.      48.      86.      34.
  3          0.39786   50.      48.      87.      42.
  3          0.39970   48.      52.      87.      42.
  3          0.40155   48.      52.      87.      42.
  3          0.40339   48.      50.      87.      42.
  3          0.40524   52.      50.      85.      42.
  3          0.40708   52.      50.      85.      48.
  3          0.40893   50.      50.      85.      48.
  3          0.41078   50.      50.      85.      48.
  3          0.41262   50.      49.      85.      48.
  3          0.41448   50.      49.      84.      48.
  3          0.41817   50.      49.      84.      49.
  3          0.42186   50.      58.      84.      49.
  3          0.42371   50.      58.      84.      49.
  3          0.42555   50.      58.      84.      35.
  3          0.42740   59.      58.      84.      35.
