! Data for figure 8 {doi}
! Column  1   is spot LoS velocity in km/s
! Columns 2-3 is spot position in mas
! Columns 4-5 is spot velocity in X and Y resp in mas/yr
! Column 6 is spot flux density in Jy
!
!     VEL         X         Y        Vx        Vy       I
!--------------------------------------------------------
  -47.804   -43.390    25.702    -0.231    -0.099    3.50
  -47.804   -43.391    25.701    -0.233    -0.102    3.55
  -47.804   -49.177    36.548     0.021    -0.002    8.01
  -47.892   -43.224    25.698    -0.095    -0.136   12.14
  -47.892   -49.401    36.523    -0.015     0.072    4.91
  -47.980   -43.479    26.002     0.177    -0.405   20.96
  -48.068   -43.712    26.164     0.088    -0.196   20.90
  -48.156   -44.354    26.772    -0.279    -0.230   18.84
  -48.156   -50.766    27.394     0.145    -0.282    7.20
  -48.243   -44.507    26.900    -0.221    -0.402   10.04
  -48.243   -51.116    27.572    -0.008    -0.424   12.83
  -48.243   -52.004    38.914     0.177    -0.205    2.42
  -48.331   -45.065    26.697    -0.133    -0.350    6.51
  -48.331   -50.130    32.938     0.040    -0.098    6.89
  -48.331   -51.341    27.821    -0.032    -0.446    9.54
  -48.331   -51.652    38.856    -0.133    -0.093    3.07
  -48.419   -47.938    31.741    -0.063    -0.227    6.61
  -48.419   -49.992    32.585    -0.060    -0.136   24.44
  -48.507   -48.002    31.690    -0.160    -0.311   23.51
  -48.507   -50.039    32.692    -0.006    -0.271   40.53
  -48.595   -48.057    31.573    -0.150    -0.069   24.49
  -48.595   -50.142    32.838    -0.239    -0.012   53.60
  -48.683   -28.028     9.045     0.062    -0.302    8.91
  -48.683   -50.219    32.989    -0.183    -0.367   42.48
  -48.683   -88.339   109.726    -0.104     0.073    8.14
  -48.683   -88.347   109.389    -0.122     0.071    8.35
  -48.770   -28.119     8.924     0.060    -0.314   14.05
  -48.770   -50.436    33.325    -0.177    -0.390   16.68
  -48.770   -88.514   109.640    -0.093     0.069   21.66
  -48.858   -28.223     8.893     0.077    -0.330   16.01
  -48.858   -88.668   109.602    -0.088     0.103   23.25
  -48.946   -28.356     8.871     0.153    -0.322   18.08
  -48.946   -57.973    41.106    -0.045    -0.248    7.80
  -48.946   -89.009   109.279    -0.035     0.172   13.77
  -49.034   -28.484     8.828     0.195    -0.321   19.83
  -49.034   -65.513    33.233    -0.202    -0.201    9.09
  -49.034   -69.352    45.032    -0.242    -0.058    9.44
  -49.034   -89.195   108.063    -0.080    -0.160   10.84
  -49.034   225.943   235.714     0.412    -0.213    4.25
  -49.122   -28.705     8.821     0.268    -0.301   18.41
  -49.122   -65.469    33.490    -0.198    -0.180   19.00
  -49.122   -69.519    45.373    -0.002    -0.192    7.46
  -49.122   225.758   235.568     0.451    -0.119    5.61
  -49.209   -28.296     8.734     0.338    -0.413    4.94
  -49.209   -30.082     8.989     0.178    -0.214    7.90
  -49.209   -65.482    33.551    -0.229    -0.002   12.95
  -49.209   -73.935    38.325    -0.090    -0.297   12.96
  -49.209   -88.996   106.985    -0.104     0.137   13.95
  -49.209   -89.080   106.912    -0.163     0.048   15.05
  -49.209   -89.944   108.212    -0.340     0.054   10.81
  -49.209   225.575   235.402     0.422    -0.125    5.43
  -49.297   -30.328     8.936     0.133    -0.248    8.33
  -49.297   -74.151    38.391    -0.114    -0.314   17.10
  -49.297   -89.065   106.868    -0.124     0.157   20.53
  -49.297   -89.067   106.868    -0.123     0.157   20.45
  -49.297   -92.916   107.387    -0.061     0.260    7.46
  -49.385   -30.558     8.983     0.055    -0.198    6.39
  -49.385   -74.327    38.445    -0.081    -0.359   10.24
  -49.385   -88.877   106.658    -0.133    -0.009   10.92
  -49.385   -88.880   106.603    -0.126     0.027   10.27
  -49.385   -89.973   108.701    -0.265    -0.103    7.58
  -49.385   -93.125   107.291    -0.110     0.196    7.86
  -49.473   -30.707     8.981    -0.005    -0.176    6.68
  -49.473   -33.081     9.432    -0.059    -0.188    7.41
  -49.473   -56.189    54.609    -0.066    -0.190   10.29
  -49.473   -89.944   109.004    -0.226    -0.120    4.43
  -49.561   -30.585     8.971     0.020    -0.262    5.67
  -49.561   -33.113     9.436    -0.083    -0.339    8.48
  -49.561   -56.697    55.380    -0.071    -0.121   21.75
  -49.649   -12.667    27.439    -0.066    -0.188    8.48
  -49.649   -32.965     9.392    -0.195    -0.433    8.49
  -49.649   -32.983     9.388    -0.194    -0.434    8.96
  -49.649   -56.940    55.686    -0.091    -0.126   32.05
  -49.649   -95.144   108.059    -0.225    -0.141    6.62
  -49.736   -12.690    27.480    -0.073    -0.254   20.75
  -49.736   -32.982     9.360    -0.155    -0.419    6.12
  -49.736   -33.004     9.360    -0.154    -0.419    6.28
  -49.736   -57.049    55.827    -0.118    -0.110   26.13
  -49.736   -95.320   108.122    -0.169    -0.080    6.44
  -49.824   -12.692    27.481    -0.086    -0.228   27.05
  -49.824   -57.081    55.875    -0.100    -0.090    9.33
  -49.824   -77.764    68.474    -0.035     0.061    4.85
  -49.912   -12.716    27.476    -0.056    -0.212   19.71
  -49.912   -12.849    33.543     0.231    -0.241    7.97
  -49.912   -23.972    -1.022    -0.072    -0.192    5.99
  -49.912   -26.073    -9.295     0.011    -0.045   29.26
  -49.912   -77.781    68.460    -0.159     0.210    6.11
  -49.912   -77.967    68.185    -0.060    -0.295    6.25
  -50.000   -12.608    27.579    -0.007    -0.203   10.96
  -50.000   -26.218    -9.086     0.065    -0.482   68.98
  -50.000 - 171.389   224.634    -0.526     0.256    6.10
  -50.088   -25.350    -5.512     0.019    -0.011   51.91
  -50.088   -26.535    -8.918     0.013    -0.043   65.86
  -50.088 - 171.391   224.256    -0.560     0.018    6.08
  -50.175    -0.393     0.610     0.067    -0.107   33.45
  -50.175   -25.444    -5.334    -0.031    -0.108   84.75
  -50.175   -26.762    -8.700    -0.089    -0.288   37.50
  -50.263    -0.340     0.580     0.021    -0.073  146.00
  -50.263   -25.489    -5.134    -0.039    -0.021  100.25
  -50.351    -0.279     0.414     0.010    -0.042  323.16
  -50.351   -25.482    -4.711     0.006     0.065   79.25
  -50.351   -25.482    -4.715     0.006     0.066   79.08
  -50.439    -0.179     0.168    -0.000    -0.019  437.66
  -50.439   -25.243    -3.241    -0.070    -0.363   58.33
  -50.439   -25.243    -3.246    -0.070    -0.367   58.28
  -50.527    -0.009    -0.020     0.000    -0.000  397.33
  -50.527    -8.346    36.337    -0.129    -0.167   50.88
  -50.527   -25.226    -2.570    -0.010    -0.232   64.88
  -50.527   -25.226    -2.570    -0.010    -0.233   65.11
  -50.614     0.226    -0.005    -0.003    -0.007  294.83
  -50.614    -8.448    36.466    -0.062    -0.161  129.28
  -50.614   -25.301    -2.273     0.023    -0.291   41.50
  -50.702     0.481     0.118    -0.012    -0.074  194.16
  -50.702    -5.818    36.489    -0.007    -0.216   56.36
  -50.702    -8.556    36.562    -0.062    -0.146   75.40
  -50.702   265.415   200.538     0.595    -0.264   42.68
  -50.790     0.654     0.209    -0.030    -0.174  119.68
  -50.790    -3.593    -4.922    -0.040    -0.201   40.08
  -50.790    -5.802    36.460     0.011    -0.247   32.56
  -50.790    -8.749    36.487    -0.040     0.112   15.20
  -50.790   265.172   200.307     0.472    -0.302   59.80
  -50.878     0.775     0.261    -0.023    -0.256   69.31
  -50.878    -3.556    -4.882    -0.065    -0.206   38.73
  -50.878    -5.819    36.259     0.029    -0.346    8.30
  -50.878   265.096   200.194     0.453    -0.304   43.18
  -50.966     0.644     0.336     0.159    -0.421   23.46
  -50.966     0.998     0.178    -0.452    -0.191   20.93
  -50.966     5.830    -3.929     0.075    -0.203   40.33
  -50.966    -3.640    -4.961    -0.027    -0.175   22.66
  -50.966   261.738   194.526     0.682    -0.288   22.56
  -51.054     5.856    -3.853     0.053    -0.180   70.73
  -51.054   261.741   194.440     0.496    -0.353   24.33
  -51.054   277.400   245.649     0.747    -0.152    8.92
  -51.141     5.884    -3.758     0.069    -0.150   79.60
  -51.141   261.517   194.274     0.854     0.037   20.86
  -51.141   277.439   245.542     0.722    -0.204   11.39
  -51.141   277.439   245.544     0.722    -0.204   11.43
  -51.229     5.572    -3.957     0.245     0.160   33.74
  -51.229     5.764    -3.595    -0.105    -0.302   42.78
  -51.229     7.310    -5.409     0.042     0.096   30.46
  -51.229   261.415   194.361     0.791    -0.235   13.48
  -51.229   277.623   245.389     0.499    -0.168    8.06
  -51.317     5.067    -3.825    -0.007    -0.241   12.30
  -51.317     7.411    -5.342     0.031    -0.084   51.00
  -51.317   277.403   245.259     0.386    -0.354    4.45
  -51.317   278.433   242.793     0.808    -0.166    4.18
  -51.405     7.547    -5.486     0.008    -0.065   30.56
  -51.405    10.980    -7.660     0.020    -0.158    8.46
  -51.405   178.906   123.493     0.278    -0.209    5.62
  -51.405   277.452   245.153     0.818    -0.158    3.19
  -51.405   278.336   242.706     0.888    -0.062    3.79
  -51.405 - 164.915   139.034    -0.354    -0.433    5.57
  -51.493     7.543    -5.559     0.038     0.120    5.10
  -51.493     7.761    -5.593     0.050     0.091    4.62
  -51.493    11.048    -7.862     0.024     0.118    8.20
  -51.493   178.790   123.451     0.313    -0.244    5.04
  -51.493 - 164.933   138.774    -0.300    -0.314    8.50
  -51.580    11.225    -7.832     0.029     0.158    3.93
  -51.580    19.237    -6.765    -0.038    -0.204    3.79
  -51.580 - 164.840   138.536    -0.205    -0.313   11.37
  -51.668     3.498    13.544     0.066    -0.267    6.15
  -51.668 - 164.767   138.291    -0.176    -0.331   12.98
  -51.756     3.568    13.257     0.069    -0.289    7.37
  -51.756 - 164.703   138.053    -0.249    -0.302   12.97
  -51.844     3.619    12.919     0.080    -0.308    5.46
  -51.844    12.138     6.519     0.119    -0.303    1.65
  -51.844 - 164.729   137.825    -0.345    -0.260   12.05
  -51.932     3.749    12.568     0.042    -0.445    2.77
  -51.932 - 164.752   137.635    -0.375    -0.346   10.55
  -52.020   174.911    28.068     0.063    -0.176    3.38
  -52.020 - 164.710   137.435    -0.415    -0.311    8.53
  -52.107   174.893    28.008     0.347     0.131   11.13
  -52.107   175.111    28.207     0.218    -0.007   13.63
  -52.107   191.581    53.568     0.382     0.140    2.70
  -52.107 - 164.603   137.321    -0.004    -0.636    4.23
  -52.195   174.963    28.080     0.311     0.112   19.45
  -52.195   174.992    28.120     0.298     0.065   20.28
  -52.195   191.781    53.738     0.286     0.119    7.83
  -52.283   174.916    28.104     0.408     0.186   14.30
  -52.283   174.921    28.106     0.406     0.186   14.45
  -52.283   192.029    53.911     0.325     0.141   15.88
  -52.371   174.916    28.280     0.367    -0.026    4.50
  -52.371   174.916    28.282     0.367    -0.024    4.57
  -52.371   192.221    54.054     0.361     0.173   22.26
  -52.459   192.330    54.117     0.375     0.127   22.76
  -52.459 - 191.918   148.898    -0.463    -0.221    4.17
  -52.546   192.378    54.117     0.375     0.121   17.16
  -52.546 - 191.882   148.904    -0.449    -0.178    7.30
  -52.634   192.382    54.063     0.453     0.168    8.63
  -52.634 - 191.838   148.942    -0.449    -0.157    6.98
  -52.722   192.363    53.936     0.434     0.279    2.65
  -52.722 - 191.776   149.095    -0.409    -0.142    4.28
  -52.898   106.142    69.954     0.021    -0.346    3.00
  -53.249   106.477    70.934     0.024    -0.278    5.54
  -53.249   167.125   113.926     0.199    -0.420    1.92
  -53.249   174.779   115.621     0.038    -0.404    1.42
  -53.249   177.159   116.890     0.067    -0.515    2.24
  -53.337   105.762    71.023     0.241    -0.320    1.49
  -53.337   107.959    71.975    -0.074    -0.413    1.39
  -53.337   167.067   113.981     0.192    -0.487    3.45
  -53.337   174.778   115.632     0.018    -0.550    1.82
  -53.337   177.060   116.931     0.088    -0.457    3.37
  -53.425   167.090   114.022     0.162    -0.526    3.53
  -53.425   174.770   115.682    -0.033    -0.591    1.47
  -53.425   176.873   116.968     0.027    -0.483    3.02
  -53.512   167.074   114.029     0.029    -0.594    2.03
  -53.512   176.614   116.922     0.336    -0.448    1.75    