! Data from Figure 2, {doi}
! First column is velocity in km/s
! Other rows are flux densities in Jy for the corresponding
!     baseline. AUTO is the scalar-averaged, autocorrelated
!     baseline for all telescopes. Effectively nplots=0, 
!     aparm(1)=-1, ante=0, stokes='i' in POSSM/AIPS
!
! VEL    AUTO     Cd-Hb   Cd-Ke   Cd-Wa   Hb-Ke   Hb-Wa   Ke-Wa 
!--------------------------------------------------------------
  -6.10  638.42   42.14   37.68   11.78  121.59   37.13   33.30
  -6.18  637.87   42.04   37.67   11.54  120.91   36.96   33.33
  -6.27  638.21   42.34   37.77   11.48  120.52   37.04   32.89
  -6.36  637.91   41.95   37.67   11.70  121.14   37.16   33.26
  -6.45  638.38   42.40   37.84   11.73  120.90   37.19   33.29
  -6.53  638.68   42.16   37.75   11.73  120.81   37.06   33.09
  -6.62  637.93   42.15   37.78   11.47  121.40   37.07   33.37
  -6.71  638.33   42.13   37.57   11.52  121.70   36.90   33.31
  -6.80  638.49   42.40   37.54   11.65  121.52   36.75   33.33
  -6.89  638.21   41.55   37.66   11.55  120.63   37.04   33.45
  -6.97  638.07   42.05   37.60   11.66  121.20   37.05   33.52
  -7.06  638.87   42.13   37.81   11.66  120.77   37.34   33.32
  -7.15  638.83   42.44   37.91   11.58  120.54   37.08   33.78
  -7.24  638.71   42.10   37.73   11.81  121.30   37.53   33.46
  -7.32  638.89   42.28   37.46   11.81  121.10   36.98   33.55
  -7.41  638.33   42.23   38.23   11.55  120.22   37.11   33.53
  -7.50  638.55   42.37   37.66   11.44  121.77   37.00   33.67
  -7.59  638.46   42.38   37.53   11.46  120.59   37.01   33.07
  -7.68  639.00   42.00   37.34   11.55  120.99   37.32   33.44
  -7.76  639.29   42.05   37.95   11.64  119.96   36.88   33.15
  -7.85  638.71   42.08   37.49   11.49  120.80   37.45   33.05
  -7.94  639.23   42.35   37.58   11.67  120.88   37.19   33.52
  -8.03  639.01   41.96   37.55   11.59  121.11   36.83   33.42
  -8.11  638.93   42.07   37.70   11.71  120.56   37.08   33.04
  -8.20  638.76   41.92   37.46   11.73  119.99   36.93   33.25
  -8.29  638.67   42.25   37.69   11.39  121.35   37.15   32.99
  -8.38  639.11   42.17   38.00   11.82  120.51   37.06   33.08
  -8.47  638.96   41.86   37.67   11.90  120.25   37.35   33.62
  -8.55  639.24   42.08   37.67   11.77  120.93   37.18   33.65
  -8.64  639.29   42.17   37.64   11.54  121.16   37.04   33.28
  -8.73  638.95   42.22   37.47   11.62  121.03   37.05   33.16
  -8.82  638.90   41.68   37.72   11.65  120.83   37.05   33.41
  -8.90  639.49   42.27   37.48   11.63  120.60   36.70   32.89
  -8.99  639.13   42.18   37.61   11.52  119.77   37.57   33.30
  -9.08  639.38   42.16   37.58   11.60  120.43   37.34   33.38
  -9.17  639.03   42.04   37.44   11.64  120.57   37.40   33.44
  -9.26  639.20   41.84   37.55   11.81  120.36   37.38   33.23
  -9.34  639.29   41.70   37.87   11.60  119.83   37.01   33.23
  -9.43  638.93   41.07   37.70   11.63  119.85   36.74   33.33
  -9.52  639.13   42.18   37.51   11.65  120.31   36.90   33.01
  -9.61  639.47   41.79   37.66   11.60  120.95   36.78   32.69
  -9.70  639.52   42.15   37.82   11.89  118.68   36.52   33.18
  -9.78  639.50   42.18   37.76   11.65  119.73   37.37   33.28
  -9.87  639.06   41.89   37.66   11.70  119.98   37.40   33.01
  -9.96  639.65   41.72   37.34   11.50  120.33   36.77   32.94
 -10.05  639.78   41.77   37.54   11.70  118.95   37.47   32.69
 -10.13  639.29   42.26   37.79   11.59  119.39   36.91   32.75
 -10.22  639.77   41.74   37.40   11.37  119.22   37.34   32.44
 -10.31  639.75   41.76   37.62   11.61  118.98   37.00   33.00
 -10.40  639.49   41.66   37.37   11.80  119.79   37.13   33.05
 -10.49  639.79   42.14   37.41   11.72  119.80   37.36   33.52
 -10.57  639.42   41.86   37.25   11.61  120.09   36.66   33.20
 -10.66  639.60   42.19   37.43   11.68  119.28   37.13   32.98
 -10.75  639.62   41.91   37.28   11.59  119.35   37.09   33.01
 -10.84  639.72   41.81   37.43   11.73  119.46   37.01   32.58
 -10.92  640.11   41.99   37.35   11.59  119.67   36.72   32.92
 -11.01  639.63   41.44   37.44   11.43  119.79   36.79   33.17
 -11.10  639.88   41.86   37.50   11.72  119.51   36.74   33.23
 -11.19  639.76   41.57   37.41   11.50  118.78   37.33   33.13
 -11.28  639.68   42.12   37.58   11.72  119.71   36.89   33.02
 -11.36  639.96   41.65   37.36   11.53  118.80   37.44   33.05
 -11.45  639.70   41.68   37.24   11.39  119.33   36.86   33.33
 -11.54  639.64   41.42   37.36   11.93  118.95   37.79   33.16
 -11.63  639.94   41.57   37.61   11.70  119.11   36.77   32.99
 -11.71  639.68   41.88   37.14   11.53  119.45   36.81   33.30
 -11.80  639.78   41.65   37.33   11.35  118.75   36.90   33.10
 -11.89  639.58   41.51   36.85   11.43  118.83   36.77   32.62
 -11.98  640.00   41.68   37.61   11.57  119.36   37.03   33.26
 -12.07  639.74   41.84   37.65   11.60  119.33   37.03   33.01
 -12.15  639.72   41.51   37.16   11.68  118.68   37.22   33.23
 -12.24  639.93   41.72   37.38   11.55  119.01   36.92   33.01
 -12.33  639.92   41.77   37.31   11.38  119.03   36.38   33.06
 -12.42  639.97   41.64   37.17   11.51  118.49   37.11   33.38
 -12.50  640.08   41.76   37.47   11.51  119.44   37.26   33.19
 -12.59  639.88   41.54   37.20   11.52  119.20   37.06   33.22
 -12.68  639.87   41.45   37.18   11.44  119.12   37.24   32.97
 -12.77  639.83   41.61   37.35   11.61  119.18   36.81   33.15
 -12.86  639.86   42.06   37.09   11.50  118.18   37.13   33.00
 -12.94  639.84   42.07   37.57   11.56  118.88   37.02   33.09
 -13.03  639.78   41.99   37.12   11.62  118.70   36.81   32.87
 -13.12  640.12   41.69   37.24   11.54  118.67   37.04   32.93
 -13.21  640.11   42.17   36.84   11.68  118.10   36.86   32.85
 -13.29  639.62   41.68   37.04   11.38  118.64   36.61   33.21
 -13.38  640.21   41.87   37.30   11.48  118.70   36.82   32.70
 -13.47  639.57   41.30   36.99   11.57  118.91   37.32   32.57
 -13.56  639.42   41.53   37.58   11.41  118.25   36.88   33.20
 -13.65  640.00   41.52   37.18   11.51  118.21   37.12   33.11
 -13.73  639.54   41.93   37.25   11.61  117.98   37.09   32.75
 -13.82  639.97   41.33   36.97   11.64  118.44   37.14   33.06
 -13.91  640.09   41.80   37.03   11.39  118.02   37.09   32.64
 -14.00  639.68   41.60   37.35   11.48  119.07   37.07   32.91
 -14.09  639.73   41.87   37.28   11.65  118.10   36.64   32.82
 -14.17  639.93   41.74   37.19   11.72  118.09   36.65   32.87
 -14.26  639.65   41.45   37.23   11.53  117.76   37.36   32.63
 -14.35  639.34   41.39   37.16   11.44  118.33   36.83   32.61
 -14.44  639.96   41.54   37.29   11.52  118.44   36.59   32.77
 -14.52  639.67   41.71   36.94   11.47  117.64   36.68   32.87
 -14.61  640.20   41.34   36.89   11.60  117.15   37.44   32.68
 -14.70  639.69   41.75   37.12   11.65  118.01   37.21   32.90
 -14.79  639.97   41.26   37.31   11.41  117.83   37.03   32.56
 -14.88  639.70   41.63   36.97   11.52  117.94   36.70   33.10
 -14.96  639.86   41.57   36.76   11.44  117.93   36.48   33.00
 -15.05  640.10   41.55   37.17   11.49  117.11   36.59   33.11
 -15.14  640.18   41.51   37.09   11.73  117.49   36.85   32.71
 -15.23  639.77   41.67   36.92   11.68  117.86   36.80   33.05
 -15.31  640.05   41.31   37.21   11.73  118.13   36.98   33.03
 -15.40  640.08   41.63   36.92   11.64  117.15   36.86   32.90
 -15.49  639.51   41.62   37.15   11.42  117.01   36.47   32.61
 -15.58  639.35   41.37   36.65   11.62  117.73   37.00   32.81
 -15.67  639.91   41.14   37.02   11.68  117.31   36.71   32.94
 -15.75  639.57   41.31   37.11   11.50  116.87   36.61   32.56
 -15.84  639.24   41.46   36.99   11.64  117.34   36.91   32.99
 -15.93  639.94   41.38   37.27   11.46  117.45   36.51   32.66
 -16.02  639.67   41.42   37.17   11.69  117.03   36.99   33.18
 -16.10  640.06   41.53   36.81   11.51  116.88   36.66   32.46
 -16.19  639.52   41.37   36.97   11.32  117.05   36.53   33.01
 -16.28  639.23   41.29   36.93   11.49  117.72   36.69   32.82
 -16.37  639.55   41.52   36.91   11.70  117.30   36.58   32.78
 -16.46  639.37   41.48   37.20   11.48  117.34   36.57   32.76
 -16.54  639.53   41.22   37.04   11.51  115.79   36.80   32.30
 -16.63  639.54   41.26   36.98   11.69  117.37   36.41   33.06
 -16.72  639.69   41.33   37.13   11.80  118.06   36.37   33.07
 -16.81  639.65   41.13   36.68   11.70  117.26   36.48   32.39
 -16.89  639.69   41.30   37.05   11.50  116.44   36.89   32.83
 -16.98  639.73   40.99   36.98   11.51  117.16   36.36   32.51
 -17.07  639.53   40.95   36.75   11.42  117.51   37.02   32.63
 -17.16  639.36   41.16   36.68   11.57  116.44   36.30   32.70
 -17.25  639.79   41.18   37.00   11.58  117.70   36.41   32.25
 -17.33  639.85   41.06   36.70   11.56  116.47   36.93   32.55
 -17.42  639.35   41.53   37.09   11.39  116.66   36.77   32.37
 -17.51  639.38   41.42   36.96   11.78  117.05   36.63   32.66
 -17.60  639.35   41.33   36.77   11.57  116.51   36.58   32.64
 -17.68  639.74   41.40   36.76   11.71  116.74   36.82   32.33
 -17.77  639.56   41.38   37.08   11.47  116.71   36.48   32.67
 -17.86  639.18   41.10   36.60   11.57  116.98   36.27   32.77
 -17.95  639.12   41.24   36.70   11.50  117.48   36.95   32.93
 -18.04  639.39   41.47   36.71   11.62  116.90   36.57   32.96
 -18.12  639.98   41.21   36.53   11.52  116.63   36.36   32.50
 -18.21  639.52   41.11   36.88   11.48  116.41   36.75   33.11
 -18.30  639.17   41.34   36.65   11.80  116.13   36.48   32.42
 -18.39  639.40   41.03   36.86   11.70  116.58   36.66   32.46
 -18.48  639.31   41.19   36.66   11.58  116.10   36.35   32.57
 -18.56  638.99   41.38   36.81   11.68  116.72   36.39   32.46
 -18.65  639.74   41.24   36.71   11.75  116.61   36.11   32.76
 -18.74  639.19   41.33   37.04   11.43  115.52   36.74   32.65
 -18.83  639.53   41.11   37.05   11.58  116.02   36.68   32.88
 -18.91  639.32   41.63   36.87   11.45  116.41   36.64   32.57
 -19.00  639.44   41.00   36.79   11.47  116.17   36.40   32.70
 -19.09  639.10   40.79   36.71   11.55  116.62   36.12   32.43
 -19.18  639.34   40.95   36.46   11.69  115.49   36.81   32.75
 -19.27  639.45   41.03   36.75   11.51  115.78   36.25   32.79
 -19.35  639.22   41.46   36.64   11.49  115.99   36.43   32.59
 -19.44  639.33   40.96   36.67   11.88  116.09   36.42   32.50
 -19.53  639.22   41.02   36.81   11.63  115.81   36.57   32.12
 -19.62  638.99   40.89   36.25   11.60  116.54   36.26   32.38
 -19.70  639.35   41.14   36.49   11.61  115.55   36.54   32.27
 -19.79  639.51   41.35   36.79   11.46  115.29   36.64   32.48
 -19.88  639.72   40.84   36.84   11.63  115.65   36.61   32.57
 -19.97  639.42   40.84   36.63   11.63  115.58   36.92   32.29
 -20.06  639.22   40.92   36.72   11.43  115.77   36.66   32.59
 -20.14  639.25   41.06   36.77   11.63  115.05   36.55   32.61
 -20.23  639.13   41.36   36.43   11.58  116.05   36.71   32.35
 -20.32  639.28   41.26   36.35   11.36  115.96   36.27   32.76
 -20.41  639.64   41.11   36.74   11.51  114.82   36.28   32.67
 -20.49  639.58   41.03   36.62   11.54  115.34   36.52   32.84
 -20.58  639.32   40.69   36.59   11.65  115.19   36.53   32.34
 -20.67  639.42   40.74   36.43   11.71  115.19   36.30   32.61
 -20.76  639.72   41.08   36.52   11.70  115.38   36.57   32.40
 -20.85  639.03   40.63   36.48   11.63  114.73   35.97   32.27
 -20.93  639.39   41.04   36.54   11.67  114.48   36.48   32.96
 -21.02  639.43   40.79   36.61   11.55  114.87   36.47   32.54
 -21.11  639.39   41.01   36.59   11.57  114.95   36.54   32.57
 -21.20  639.48   41.03   36.65   11.52  114.71   36.37   32.47
 -21.28  639.51   41.03   36.80   11.46  114.26   36.52   32.63
 -21.37  639.29   41.08   36.44   11.48  114.86   36.47   32.61
 -21.46  639.36   41.06   36.44   11.75  114.90   36.45   32.23
 -21.55  639.13   40.49   36.53   11.64  115.28   36.03   32.46
 -21.64  639.13   40.72   36.57   11.59  115.06   36.57   32.16
 -21.72  639.50   40.86   36.41   11.66  114.41   36.24   32.36
 -21.81  640.03   40.80   36.16   11.41  114.60   36.29   32.29
 -21.90  639.25   40.76   36.21   11.54  114.34   36.39   32.53
 -21.99  639.64   40.57   36.40   11.62  114.26   36.11   32.58
 -22.07  639.23   41.16   36.34   11.74  114.09   36.08   32.52
 -22.16  639.49   40.97   36.45   11.54  114.93   36.26   32.46
 -22.25  639.63   40.92   36.37   11.57  114.40   35.86   32.28
 -22.34  639.74   41.24   36.53   11.61  114.61   36.24   32.24
 -22.43  639.66   40.57   36.41   11.75  113.66   35.86   32.31
 -22.51  639.58   40.86   36.20   11.48  115.04   36.11   32.18
 -22.60  639.46   41.01   36.62   11.50  114.73   36.43   31.93
 -22.69  639.91   40.92   36.14   11.60  114.30   36.22   32.35
 -22.78  639.38   40.93   36.29   11.45  113.46   36.43   32.38
 -22.87  639.85   41.04   36.38   11.60  114.49   36.05   32.28
 -22.95  639.95   40.66   36.36   11.82  113.88   36.12   32.31
 -23.04  639.83   40.60   36.55   11.47  113.64   35.99   32.06
 -23.13  639.29   40.74   36.44   11.68  114.68   36.14   32.63
 -23.22  639.91   40.96   36.42   11.50  114.44   35.81   32.25
 -23.30  639.54   40.78   36.46   11.52  113.86   36.39   32.45
 -23.39  640.10   40.64   36.31   11.59  113.84   35.99   32.28
 -23.48  639.78   40.91   36.54   11.51  113.79   36.23   32.47
 -23.57  639.87   40.60   36.59   11.68  114.20   35.84   32.22
 -23.66  640.16   40.65   35.95   11.33  112.99   35.61   32.63
 -23.74  639.77   40.60   36.53   11.78  113.79   36.10   32.23
 -23.83  639.98   40.49   36.28   11.40  113.36   35.93   32.22
 -23.92  640.10   40.68   36.23   11.59  113.53   36.34   31.84
 -24.01  639.75   40.78   36.29   11.39  113.64   36.37   32.63
 -24.09  639.99   40.39   36.07   11.48  113.90   36.18   32.22
 -24.18  640.06   40.74   36.19   11.45  114.01   36.08   32.04
 -24.27  640.00   40.13   36.23   11.45  112.84   36.22   32.37
 -24.36  639.93   40.81   36.18   11.65  113.61   36.05   32.31
 -24.45  639.56   41.03   36.26   11.54  113.80   36.57   32.41
 -24.53  640.27   40.59   36.16   11.60  113.08   36.27   32.05
 -24.62  640.55   40.89   36.01   11.39  112.98   35.48   32.24
 -24.71  639.99   40.41   36.28   11.63  112.98   35.94   31.86
 -24.80  640.07   40.47   36.08   11.55  113.19   36.38   32.29
 -24.88  640.44   40.75   36.16   11.46  113.32   35.82   32.30
 -24.97  640.27   40.90   36.16   11.59  113.63   36.16   32.40
 -25.06  640.19   40.59   36.00   11.46  112.77   36.24   32.37
 -25.15  640.61   40.50   35.78   11.43  112.90   36.36   31.84
 -25.24  640.52   40.61   36.02   11.44  112.39   36.01   32.07
 -25.32  640.38   40.74   36.25   11.53  113.95   36.01   32.49
 -25.41  640.72   40.75   36.38   11.52  113.38   36.20   32.43
 -25.50  640.70   40.65   35.97   11.68  113.05   35.43   32.42
 -25.59  640.27   40.66   36.33   11.38  113.30   36.13   32.21
 -25.67  640.46   40.44   35.97   11.65  113.13   36.32   32.37
 -25.76  640.62   40.61   36.42   11.49  112.03   35.59   32.21
 -25.85  640.59   40.70   36.05   11.59  112.54   36.06   32.25
 -25.94  640.69   40.51   36.39   11.59  113.40   36.08   32.15
 -26.03  640.82   40.88   36.21   11.46  112.83   35.79   32.02
 -26.11  640.83   40.44   36.38   11.55  112.37   35.70   31.99
 -26.20  640.34   40.63   35.94   11.56  112.65   35.96   31.83
 -26.29  640.88   40.43   36.30   11.51  112.68   35.89   31.88
 -26.38  641.07   40.42   36.13   11.59  113.07   36.07   32.05
 -26.46  641.33   40.31   36.15   11.48  112.30   35.70   31.95
 -26.55  641.14   40.23   35.97   11.64  113.28   36.36   31.60
 -26.64  640.87   41.03   36.22   11.60  112.31   35.60   31.73
 -26.73  641.08   40.54   36.57   11.59  112.13   35.77   32.05
 -26.82  641.48   40.61   36.14   11.57  112.08   36.03   32.31
 -26.90  641.55   40.63   36.03   11.54  111.98   36.30   32.21
 -26.99  641.61   40.55   36.02   11.61  112.56   36.13   32.09
 -27.08  641.17   40.61   35.86   11.63  112.11   35.89   32.07
 -27.17  641.33   40.29   36.01   11.89  112.26   35.76   31.97
 -27.26  641.72   40.38   36.00   11.70  112.02   36.37   31.89
 -27.34  641.84   40.44   36.10   11.70  112.32   36.15   32.31
 -27.43  641.69   40.53   36.12   11.67  112.67   35.88   32.24
 -27.52  641.55   40.38   35.97   11.54  112.59   36.03   32.42
 -27.61  641.79   40.36   35.96   11.38  111.49   35.69   31.98
 -27.69  641.87   40.23   36.05   11.86  112.15   35.58   31.96
 -27.78  641.87   40.42   36.02   11.60  111.75   35.29   32.09
 -27.87  641.95   40.66   35.93   11.67  111.93   35.81   31.67
 -27.96  641.67   40.22   35.88   11.49  111.52   35.59   31.62
 -28.05  641.89   40.07   35.92   11.37  111.70   35.73   32.21
 -28.13  642.18   40.58   36.19   11.62  110.86   35.93   32.16
 -28.22  641.91   40.43   35.79   11.48  110.89   35.45   32.10
 -28.31  642.22   40.29   35.70   11.46  111.37   35.79   31.70
 -28.40  641.85   40.31   35.86   11.63  111.33   35.96   31.88
 -28.48  642.38   40.26   36.15   11.67  110.95   35.72   32.14
 -28.57  642.59   40.34   35.84   11.72  111.29   35.61   32.01
 -28.66  642.62   40.30   36.07   11.79  112.17   35.24   32.32
 -28.75  642.65   40.18   35.75   11.61  110.86   35.96   31.91
 -28.84  642.25   40.47   35.80   11.37  111.64   36.35   31.50
 -28.92  642.52   40.23   35.95   11.78  111.23   35.66   32.16
 -29.01  642.74   40.34   35.88   11.73  111.54   35.68   31.75
 -29.10  643.14   40.48   35.67   11.53  111.28   35.57   31.97
 -29.19  642.72   40.24   36.05   11.47  111.74   35.74   31.72
 -29.27  643.13   40.57   36.02   11.46  109.96   35.26   31.73
 -29.36  642.80   40.80   35.98   11.43  111.59   35.81   31.99
 -29.45  642.90   40.23   35.64   11.65  111.12   36.07   31.67
 -29.54  643.21   40.18   35.88   11.52  111.33   36.03   31.76
 -29.63  642.93   40.22   35.76   11.79  110.64   35.94   31.98
 -29.71  642.87   40.24   35.83   11.52  110.34   35.90   32.54
 -29.80  643.35   40.10   36.23   11.36  111.15   35.69   31.69
 -29.89  643.75   40.44   35.75   11.78  110.65   36.20   31.46
 -29.98  643.63   40.37   35.96   11.59  110.61   35.98   31.95
 -30.06  643.25   39.95   36.03   11.50  110.31   35.67   31.40
 -30.15  643.49   40.41   35.83   11.70  109.73   35.99   31.92
 -30.24  643.91   40.31   35.69   11.55  110.73   35.95   31.83
 -30.33  643.90   40.59   35.67   11.65  110.76   35.76   31.72
 -30.42  643.78   40.34   36.20   11.37  109.97   35.75   31.84
 -30.50  644.01   40.45   35.81   11.62  110.86   35.57   32.08
 -30.59  644.01   40.08   35.76   11.49  110.33   36.21   31.71
 -30.68  643.55   40.28   35.93   11.57  109.85   35.40   31.40
 -30.77  644.10   40.43   35.55   11.61  111.15   36.27   32.02
 -30.86  644.25   40.08   36.09   11.61  110.47   36.11   31.79
 -30.94  644.73   40.08   35.64   11.73  109.59   35.57   32.06
 -31.03  644.76   40.24   35.84   11.58  110.18   35.82   32.04
 -31.12  644.60   40.25   35.96   11.81  110.56   35.80   32.20
 -31.21  644.45   40.38   36.00   11.59  109.89   35.44   32.17
 -31.29  644.45   40.29   35.95   11.66  110.93   35.76   31.68
 -31.38  644.53   40.42   35.69   11.65  109.21   35.66   31.29
 -31.47  644.96   40.24   35.73   11.67  109.76   35.51   31.64
 -31.56  644.93   39.97   36.03   11.62  110.37   35.46   32.03
 -31.65  644.92   40.03   35.81   11.51  110.32   35.76   31.49
 -31.73  644.97   40.12   35.60   11.60  110.35   35.61   31.29
 -31.82  645.21   39.73   35.72   11.47  110.09   35.72   31.86
 -31.91  645.07   40.06   35.71   11.45  109.84   35.48   31.78
 -32.00  645.32   40.14   35.56   11.67  110.14   36.08   31.69
 -32.08  645.54   40.22   35.88   11.50  109.67   35.74   32.00
 -32.17  645.33   40.00   35.59   11.56  109.72   36.04   31.63
 -32.26  645.74   40.05   35.70   11.60  109.21   35.86   31.81
 -32.35  645.96   40.37   35.54   11.58  109.26   35.19   31.71
 -32.44  645.59   40.28   35.98   11.61  110.04   35.60   31.66
 -32.52  645.62   40.18   35.66   11.59  109.74   35.83   31.53
 -32.61  645.91   40.09   35.81   11.67  108.86   35.58   31.84
 -32.70  645.73   40.16   35.86   11.68  109.55   35.43   31.47
 -32.79  646.41   40.32   35.79   11.84  109.16   35.83   31.83
 -32.87  646.03   40.00   35.57   11.72  108.46   35.87   31.51
 -32.96  646.43   40.05   35.69   11.28  109.59   35.28   31.62
 -33.05  646.14   40.04   35.59   11.47  109.66   35.41   31.65
 -33.14  646.27   40.26   35.75   11.64  109.30   36.02   32.09
 -33.23  646.47   40.11   35.95   11.68  109.33   35.46   31.81
 -33.31  646.79   40.18   35.40   11.50  108.78   35.54   31.17
 -33.40  646.38   39.73   35.59   11.67  108.83   35.68   31.81
 -33.49  646.51   40.13   35.60   11.53  109.23   35.23   31.38
 -33.58  647.45   40.18   35.79   11.69  109.17   35.56   31.85
 -33.66  646.78   39.83   35.81   11.69  109.15   35.56   31.97
 -33.75  647.07   40.21   35.52   11.71  108.92   36.08   31.57
 -33.84  647.00   40.06   35.67   11.43  108.88   35.83   31.68
 -33.93  647.18   40.09   35.80   11.93  109.08   35.37   31.89
 -34.02  647.04   39.88   35.77   11.53  109.22   35.56   31.79
 -34.10  647.33   39.92   35.49   11.73  108.79   35.49   31.84
 -34.19  647.49   40.28   35.53   11.46  108.67   35.55   31.48
 -34.28  647.53   39.80   35.69   11.66  109.34   35.66   31.58
 -34.37  647.33   39.91   35.66   11.59  109.47   35.50   31.81
 -34.45  647.78   40.07   35.75   11.54  108.43   35.87   31.82
 -34.54  647.55   40.05   35.47   11.85  108.60   35.35   31.69
 -34.63  647.83   39.81   35.66   11.62  108.52   35.21   31.79
 -34.72  647.89   39.91   35.80   11.82  108.83   35.53   31.79
 -34.81  647.95   40.17   36.02   11.55  109.22   35.81   31.34
 -34.89  647.84   40.38   35.68   11.64  107.75   35.54   31.47
 -34.98  648.42   40.17   35.49   11.59  108.41   35.24   31.79
 -35.07  647.81   39.91   35.71   11.79  108.31   35.64   31.90
 -35.16  648.03   39.98   35.77   11.56  107.71   35.45   31.50
 -35.25  648.18   40.19   35.35   11.58  108.32   35.89   31.79
 -35.33  648.65   39.72   35.68   11.56  107.60   35.42   31.86
 -35.42  648.50   39.96   35.51   11.63  107.78   35.19   31.36
 -35.51  648.49   39.96   35.49   11.52  108.43   35.27   31.62
 -35.60  648.42   39.88   35.32   11.66  108.07   35.58   31.79
 -35.68  648.32   39.71   35.62   11.64  108.68   35.35   31.40
 -35.77  648.76   40.13   35.61   11.75  107.70   36.05   31.89
 -35.86  648.88   40.09   35.90   11.35  108.32   35.58   31.24
 -35.95  648.93   40.22   35.87   11.55  108.25   35.53   31.82
 -36.04  648.84   39.92   35.73   11.62  107.18   35.03   31.21
 -36.12  649.00   39.90   35.63   11.70  108.76   35.75   31.53
 -36.21  648.95   39.82   35.26   11.50  107.57   35.27   31.43
 -36.30  649.11   39.83   35.55   11.53  107.84   35.59   31.33
 -36.39  649.18   39.62   35.49   11.59  107.99   35.54   31.39
 -36.47  649.09   40.07   35.22   11.98  108.02   35.72   31.40
 -36.56  649.26   39.84   35.68   11.93  108.64   35.51   31.28
 -36.65  649.35   40.06   35.58   11.51  108.32   35.21   31.38
 -36.74  649.71   39.93   35.37   11.84  108.11   35.42   31.64
 -36.83  649.57   39.65   35.56   11.74  107.66   35.45   31.40
 -36.91  649.72   40.14   35.57   11.61  108.67   35.23   31.44
 -37.00  649.62   39.99   35.77   11.89  107.17   34.90   31.26
 -37.09  649.54   39.50   35.38   11.66  107.04   35.19   31.41
 -37.18  649.76   39.83   35.85   11.61  107.17   35.43   31.63
 -37.26  649.54   39.51   35.54   11.68  107.31   35.17   31.46
 -37.35  649.69   40.00   35.63   11.71  107.26   35.34   31.24
 -37.44  649.91   39.63   35.40   11.67  107.06   35.18   31.27
 -37.53  649.95   39.88   35.59   11.81  107.04   35.07   31.69
 -37.62  649.87   39.73   35.36   11.67  107.23   35.49   31.69
 -37.70  649.83   40.00   35.36   11.78  106.77   35.40   31.29
 -37.79  650.20   39.51   35.35   11.65  107.96   35.26   31.66
 -37.88  650.01   39.96   35.15   11.73  107.51   35.07   31.23
 -37.97  650.45   39.63   35.15   11.72  106.58   35.22   31.43
 -38.05  650.93   39.95   35.64   11.72  107.21   35.15   31.16
 -38.14  650.02   40.18   35.53   11.64  106.41   35.03   31.42
 -38.23  650.53   39.66   35.40   11.85  106.05   35.08   31.50
 -38.32  650.49   39.85   35.52   11.59  107.56   35.56   31.75
 -38.41  650.72   40.04   35.51   11.78  107.02   35.57   30.84
 -38.49  650.62   39.70   35.21   11.73  107.34   35.01   31.26
 -38.58  650.81   40.07   35.65   11.76  106.78   35.45   31.18
 -38.67  650.88   40.06   35.05   11.73  107.14   35.54   31.41
 -38.76  650.63   39.59   35.28   11.86  106.87   35.50   31.45
 -38.84  650.74   39.41   35.20   11.71  107.90   35.42   31.68
 -38.93  650.92   39.86   35.29   11.59  106.91   35.71   31.47
 -39.02  651.25   39.74   35.40   11.66  106.57   35.50   31.59
 -39.11  650.74   40.03   35.14   11.64  106.90   35.36   31.72
 -39.20  651.41   39.75   35.28   11.50  106.82   35.47   31.45
 -39.28  651.08   39.86   35.41   11.79  106.11   35.03   31.00
 -39.37  651.24   39.78   35.53   11.40  106.34   35.23   31.79
 -39.46  651.11   39.69   35.54   11.82  106.64   35.21   31.37
 -39.55  651.44   39.93   35.38   11.67  106.58   35.59   31.94
 -39.64  651.10   39.87   35.26   11.81  105.82   35.27   30.88
 -39.72  651.40   39.72   35.37   11.58  106.00   34.98   31.63
 -39.81  651.11   39.83   35.41   11.65  106.44   35.71   31.23
 -39.90  651.29   39.67   35.52   11.71  106.55   35.72   31.25
 -39.99  651.64   40.08   35.40   11.53  106.39   35.28   31.17
 -40.07  651.65   39.87   35.47   11.80  106.81   35.46   31.45
 -40.16  651.19   39.97   35.25   11.46  106.56   35.40   31.28
 -40.25  651.49   39.94   35.23   11.58  106.08   35.57   31.27
 -40.34  651.47   39.58   35.10   11.82  106.43   35.40   31.47
 -40.43  651.43   39.80   35.12   11.77  106.68   35.26   31.27
 -40.51  651.86   39.85   35.40   11.86  105.66   35.07   31.06
 -40.60  651.45   39.90   35.28   11.69  106.20   35.25   31.15
 -40.69  651.70   39.92   35.31   11.82  106.07   34.76   31.20
 -40.78  651.50   39.94   35.34   11.77  105.91   35.02   31.45
 -40.86  651.12   39.58   35.04   11.79  105.80   35.26   31.42
 -40.95  651.61   39.15   35.24   11.91  106.68   35.15   31.53
 -41.04  651.60   39.58   34.90   11.69  104.91   34.96   31.86
 -41.13  651.61   39.75   35.21   11.82  105.52   35.27   31.22
 -41.22  651.93   39.45   35.19   11.59  105.53   34.86   31.30
 -41.30  651.97   39.69   34.72   11.61  106.21   35.50   31.39
 -41.39  651.86   39.78   35.26   11.49  105.60   34.75   31.59
 -41.48  651.99   39.38   35.30   11.75  105.43   35.51   31.19
 -41.57  651.67   39.68   35.35   11.72  106.39   35.15   31.22
 -41.65  652.35   39.70   34.92   11.79  105.41   35.25   31.25
 -41.74  651.73   39.62   34.86   11.95  106.19   35.19   31.63
 -41.83  651.77   39.64   35.17   11.77  105.24   35.31   31.41
 -41.92  651.82   39.54   35.20   11.75  105.91   35.47   31.24
 -42.01  652.13   39.64   35.31   11.79  105.36   35.44   30.99
 -42.09  652.15   39.39   34.98   11.69  105.10   35.01   31.67
 -42.18  652.27   39.35   35.44   11.79  105.41   34.68   31.04
 -42.27  652.24   39.13   35.07   11.72  105.29   35.02   31.17
 -42.36  652.72   39.53   35.46   11.74  105.13   34.99   31.20
 -42.44  652.99   39.45   35.21   11.85  105.57   35.46   30.87
 -42.53  653.91   39.52   35.42   11.52  105.95   35.05   31.07
 -42.62  654.65   39.91   35.15   11.83  105.23   35.33   31.13
 -42.71  655.63   39.71   34.90   11.79  104.53   35.08   31.55
 -42.80  654.30   39.88   35.02   11.97  105.08   35.01   31.18
 -42.88  654.20   39.77   35.22   11.76  105.01   34.94   30.88
 -42.97  652.92   39.66   35.30   11.66  105.08   35.22   31.27
 -43.06  658.17   39.65   35.42   11.84  105.02   35.33   30.94
 -43.15  661.21   39.43   34.82   11.81  105.45   35.37   31.59
 -43.24  655.08   39.58   34.95   11.65  104.44   35.20   31.42
 -43.32  652.27   39.67   35.00   11.68  105.18   35.08   31.09
 -43.41  652.61   39.79   35.13   11.62  105.30   35.00   31.23
 -43.50  651.99   39.53   34.95   11.65  104.87   34.53   30.90
 -43.59  652.36   39.46   35.05   11.78  104.74   35.18   31.06
 -43.67  651.77   39.64   34.94   11.73  104.79   35.15   30.92
 -43.76  651.68   39.69   35.17   12.03  104.85   35.28   31.09
 -43.85  652.11   39.57   35.09   11.95  105.01   34.91   30.82
 -43.94  651.64   39.60   35.09   11.70  104.75   35.40   30.94
 -44.03  651.60   39.57   35.19   11.97  104.79   34.77   31.08
 -44.11  651.89   39.47   34.87   11.78  104.25   35.37   31.43
 -44.20  651.70   39.60   35.58   11.64  104.89   35.58   31.01
 -44.29  652.24   39.22   34.80   11.82  104.81   35.16   31.03
 -44.38  651.96   39.36   34.82   11.90  104.46   35.17   31.17
 -44.46  651.65   39.41   35.10   11.52  104.17   34.61   31.54
 -44.55  652.04   39.55   34.86   11.76  104.14   35.10   30.72
 -44.64  651.78   38.98   34.99   11.68  104.96   34.97   31.15
 -44.73  651.68   39.67   35.02   11.80  104.69   35.27   30.62
 -44.82  651.80   39.50   34.95   11.95  103.70   35.19   30.71
 -44.90  651.50   39.57   35.07   11.67  104.69   34.82   31.23
 -44.99  652.14   39.16   35.03   11.80  104.41   35.18   31.15
 -45.08  651.79   39.69   35.08   11.72  104.58   35.26   30.96
 -45.17  651.83   39.60   34.74   11.73  104.04   35.57   30.78
 -45.25  651.68   39.42   35.02   11.85  104.04   35.11   30.93
 -45.34  652.00   39.69   35.06   11.81  103.45   35.18   31.06
 -45.43  651.58   39.17   35.04   11.46  104.95   34.65   31.20
 -45.52  652.26   39.16   34.77   11.69  104.15   34.73   31.22
 -45.61  651.48   39.19   35.12   11.85  104.44   35.11   31.28
 -45.69  651.94   39.04   34.68   11.69  104.40   34.76   31.31
 -45.78  651.43   39.14   34.81   11.88  103.39   34.94   31.04
 -45.87  651.45   39.29   34.88   11.73  103.79   34.47   31.06
 -45.96  651.82   39.39   35.06   11.98  104.08   35.22   31.19
 -46.04  652.42   39.49   35.08   11.71  104.00   34.77   31.00
 -46.13  652.33   39.28   34.78   11.48  104.39   35.01   31.01
 -46.22  652.07   39.26   34.99   11.58  103.65   34.64   31.04
 -46.31  651.90   39.55   34.84   11.82  103.68   34.75   31.01
 -46.40  653.59   39.58   35.05   11.74  103.44   34.86   30.64
 -46.48  653.62   39.51   35.01   11.71  103.90   34.90   30.96
 -46.57  654.09   39.28   35.06   11.85  103.45   35.25   31.14
 -46.66  654.52   39.25   34.97   11.65  103.42   35.13   31.11
 -46.75  657.26   39.61   35.16   11.87  104.28   35.07   31.04
 -46.83  662.46   39.77   35.57   12.15  104.08   35.44   31.51
 -46.92  667.93   40.12   35.92   12.02  104.17   35.09   31.28
 -47.01  665.02   39.63   35.79   11.94  103.82   35.07   31.23
 -47.10  660.62   39.76   34.99   12.07  102.81   35.72   31.29
 -47.19  658.55   39.61   35.19   11.92  103.43   35.43   31.26
 -47.27  657.67   39.66   34.97   11.83  103.83   35.46   30.97
 -47.36  656.99   39.37   35.04   11.82  103.58   35.07   31.38
 -47.45  660.00   39.88   35.33   11.72  103.98   35.17   31.75
 -47.54  666.85   39.89   35.62   12.48  104.20   35.80   31.61
 -47.63  680.99   40.65   36.43   13.46  103.95   36.56   31.84
 -47.71  705.58   43.01   39.06   14.61  104.67   38.13   32.64
 -47.80  743.12   44.88   43.05   15.49  105.26   39.85   33.12
 -47.89  792.57   48.50   51.15   18.21  105.57   42.82   35.05
 -47.98  837.75   54.13   59.07   19.04  106.70   48.56   36.05
 -48.06  855.42   57.24   60.71   17.77  107.67   50.46   36.42
 -48.15  852.89   56.59   55.01   17.36  107.58   45.30   35.85
 -48.24  870.33   55.63   51.72   17.36  106.95   43.29   36.91
 -48.33  933.66   56.44   54.25   23.11  107.98   51.42   38.37
 -48.42 1054.80   63.76   79.53   36.80  111.23   66.71   42.25
 -48.50 1232.44   89.25  131.76   61.61  116.44   87.62   51.12
 -48.59 1382.82  102.80  152.42   75.47  118.54  102.44   55.29
 -48.68 1412.28   87.76  114.32   55.85  116.61   93.40   50.38
 -48.77 1389.28   72.81   75.86   43.42  117.05   76.15   48.68
 -48.85 1417.08   70.82   67.17   44.18  117.46   69.05   49.49
 -48.94 1502.95   71.68   66.07   41.22  119.29   66.86   49.28
 -49.03 1614.81   79.48   74.22   48.96  118.84   71.82   52.12
 -49.12 1703.94   85.25   85.18   50.53  120.10   76.08   54.29
 -49.21 1772.61   84.28   85.09   50.27  121.94   82.39   57.31
 -49.29 1803.38   80.39   80.39   47.23  121.90   98.15   58.09
 -49.38 1745.37   70.71   70.86   38.86  120.56   96.01   56.20
 -49.47 1611.48   63.96   68.39   34.22  118.20   77.94   52.44
 -49.56 1496.85   65.29   69.97   38.83  117.00   74.54   49.55
 -49.64 1376.02   72.75   73.89   48.51  116.94   76.86   48.27
 -49.73 1227.53   73.17   71.74   44.56  116.06   68.59   46.45
 -49.82 1116.94   69.58   67.88   37.67  115.60   60.40   45.06
 -49.91 1138.72   77.70   64.42   47.28  115.41   63.81   48.70
 -50.00 1289.14  116.32   75.63   78.76  118.61   90.04   59.25
 -50.08 1496.47  149.92   83.35  102.09  124.54  109.49   66.82
 -50.17 1762.75  164.51  128.42  149.18  141.72  123.39   90.19
 -50.26 2215.79  195.29  251.91  263.93  180.46  218.35  164.14
 -50.35 2921.63  382.44  426.58  467.78  238.12  450.40  281.78
 -50.43 3556.07  520.35  549.05  600.53  285.56  626.04  354.66
 -50.52 3698.02  489.78  491.71  553.66  313.37  561.24  326.65
 -50.61 3446.15  431.05  381.40  476.17  310.72  410.27  254.85
 -50.70 2979.22  308.53  300.98  379.25  238.21  299.65  184.06
 -50.79 2509.82  206.34  215.31  264.51  184.42  217.71  120.62
 -50.87 2105.06  158.57  144.80  169.30  161.09  140.14   83.57
 -50.96 1805.06  135.38  113.51   99.91  157.08   93.70   71.99
 -51.05 1712.00  142.36  140.46   84.16  174.22   92.38   75.77
 -51.14 1729.04  139.49  157.15   74.30  167.68  101.54   76.46
 -51.23 1687.03  110.33  124.74  108.47  130.37  120.05   79.18
 -51.31 1504.23   87.50   79.89  134.31  124.96  124.21   70.42
 -51.40 1254.09   62.75   58.80   73.25  117.71   77.67   50.30
 -51.49 1077.46   53.21   50.52   30.39  111.41   51.59   41.29
 -51.58  995.93   51.15   47.91   22.08  108.21   47.53   38.79
 -51.66  940.73   50.31   47.01   20.90  106.78   45.79   37.55
 -51.75  885.16   49.10   44.75   20.57  106.02   45.34   36.10
 -51.84  827.69   46.48   42.40   18.91  104.72   42.74   35.02
 -51.93  787.72   44.53   40.61   15.84  103.85   40.73   34.49
 -52.02  769.62   43.78   39.16   14.67  104.05   39.14   33.72
 -52.10  779.39   46.40   40.52   15.83  104.66   38.83   34.18
 -52.19  793.73   51.04   45.31   19.73  105.67   39.71   36.17
 -52.28  786.47   52.51   48.23   21.90  105.94   40.72   36.38
 -52.37  767.21   53.58   51.17   29.74  106.89   44.20   37.85
 -52.45  760.58   54.37   50.87   34.17  107.32   45.41   39.13
 -52.54  755.35   49.31   46.22   28.83  106.04   43.01   36.90
 -52.63  737.94   43.45   39.80   20.19  104.06   38.55   34.39
 -52.72  716.74   40.95   36.81   14.62  102.57   36.72   32.51
 -52.81  705.91   40.46   36.22   13.20  102.86   35.97   32.01
 -52.89  703.73   40.72   36.11   13.09  102.37   36.46   31.78
 -52.98  705.48   40.88   36.63   13.02  102.62   36.04   32.02
 -53.07  700.02   41.35   37.36   13.30  102.62   36.15   31.59
 -53.16  691.91   41.31   37.22   13.16  103.25   35.96   31.44
 -53.24  688.87   40.59   36.23   13.48  101.76   35.68   31.72
 -53.33  688.28   40.75   36.34   15.08  101.88   35.71   32.18
 -53.42  680.06   40.27   35.89   13.97  102.09   35.35   31.85
 -53.51  666.74   39.30   34.77   12.62  101.93   34.64   30.74
 -53.60  655.25   38.95   34.83   11.71  100.98   34.72   30.80
 -53.68  651.24   38.70   34.36   11.56  101.46   34.64   30.46
 -53.77  650.76   38.78   34.38   11.51  101.98   35.15   30.52
 -53.86  653.07   38.80   34.49   11.91  101.36   34.89   30.86
 -53.95  652.66   39.00   34.39   11.49  101.22   34.60   30.98
 -54.03  652.56   38.87   34.55   11.86  101.60   34.81   30.94
 -54.12  654.04   39.24   34.75   12.12  101.23   34.67   30.77
 -54.21  655.23   39.01   34.69   11.90  101.53   34.90   30.55
 -54.30  653.33   39.31   34.71   11.82  101.86   34.77   31.08
 -54.39  651.97   38.87   34.57   11.91  101.12   34.80   30.71
 -54.47  649.01   38.75   34.58   11.59  101.52   34.49   30.17
 -54.56  647.83   38.81   34.39   11.37  101.59   34.44   30.64
 -54.65  645.95   38.43   34.37   11.68  100.64   34.28   30.70
 -54.74  644.77   38.50   34.18   11.55  101.28   34.52   30.65
 -54.82  643.91   38.55   33.91   11.66  100.26   34.64   30.54
 -54.91  643.87   38.49   34.05   11.62  102.05   34.19   30.76
 -55.00  643.42   38.51   33.62   11.58  100.94   34.71   30.20
 -55.09  643.12   38.25   34.00   11.47  100.51   34.51   30.43
 -55.18  643.00   38.43   34.30   11.58  101.10   34.54   30.48
 -55.26  643.09   38.18   34.22   11.45  102.25   34.05   30.68
 -55.35  643.38   38.59   34.12   11.33  100.98   33.97   30.14
 -55.44  643.57   38.76   34.18   11.49  100.87   34.20   30.53
 -55.53  644.55   38.52   34.11   11.64  100.69   34.57   30.49
 -55.62  646.13   38.70   34.18   11.53  101.21   34.54   30.50
 -55.70  646.17   38.59   34.35   11.72  100.67   34.02   30.32
 -55.79  644.47   38.85   34.28   11.55  100.68   34.46   30.03
 -55.88  642.70   38.22   34.07   11.50  101.12   34.37   29.86
 -55.97  642.28   38.38   34.00   11.44  101.52   34.22   30.19
 -56.05  641.92   38.48   34.13   11.57   99.66   34.17   29.85
 -56.14  642.16   38.79   34.18   11.60  100.92   34.12   30.06
 -56.23  641.86   38.37   33.94   11.57  101.09   34.23   30.30
 -56.32  641.79   38.39   33.80   11.51  100.60   34.03   30.60
 -56.41  641.54   38.22   33.73   11.47  100.49   34.00   30.19
 -56.49  641.99   38.09   34.15   11.50  100.67   34.41   30.09
 -56.58  642.66   38.24   34.13   11.54  100.39   33.81   29.99
 -56.67  642.82   38.71   33.98   11.68   99.97   34.43   30.11
 -56.76  642.55   38.20   34.16   11.55  101.30   33.72   30.22
 -56.84  642.35   38.63   33.74   11.78  100.31   34.02   30.33
 -56.93  641.90   38.43   33.73   11.51  100.11   34.37   30.15
 -57.02  641.51   38.18   34.04   11.43  100.81   34.56   30.56
 -57.11  641.90   38.39   33.76   11.71  100.76   34.32   30.09
 -57.20  641.71   37.99   33.98   11.72  100.60   34.51   30.13
 -57.28  641.25   38.21   34.02   11.49   99.81   34.47   30.27
 -57.37  641.37   38.59   33.91   11.55  100.28   33.95   29.82
 -57.46  640.81   38.04   33.76   11.48   99.91   34.04   29.97
 -57.55  640.39   38.35   33.75   11.70  100.35   34.47   29.65
 -57.63  640.85   38.16   33.63   11.42  100.69   34.60   29.94
 -57.72  640.38   38.19   34.08   11.45  100.43   34.05   30.07
 -57.81  640.03   38.28   33.91   11.55  100.67   33.82   30.33
 -57.90  639.88   37.86   33.71   11.59   99.95   34.01   29.96
 -57.99  640.15   38.49   33.80   11.62  100.20   34.29   30.43
 -58.07  640.17   38.16   33.88   11.43  100.10   34.00   30.08
 -58.16  640.23   38.49   33.73   11.51  100.58   34.52   30.17
 -58.25  640.24   38.43   33.59   11.56   99.80   34.13   30.26
 -58.34  640.74   38.06   33.77   11.43  100.76   34.17   30.15
 -58.42  640.44   38.42   33.84   11.41  100.05   33.95   30.04
 -58.51  639.99   37.83   33.66   11.30  100.22   33.93   30.35
 -58.60  639.97   38.15   33.70   11.31  100.15   34.12   29.94
 -58.69  639.46   37.92   33.53   11.17   99.93   33.96   30.01
 -58.78  639.70   38.11   33.37   11.57   99.54   33.73   30.20
 -58.86  639.19   38.13   34.03   11.52  100.12   33.84   30.28
 -58.95  639.55   38.12   33.70   11.54   99.40   33.71   30.22
 -59.04  639.38   38.27   33.75   11.74  100.16   34.08   30.01
 -59.13  639.30   38.07   33.60   11.30  100.43   34.27   30.23
 -59.21  639.22   38.22   33.51   11.39   99.64   33.92   29.84
 -59.30  639.17   37.96   33.57   11.47   99.52   34.00   30.19
 -59.39  638.90   37.91   33.81   11.43  100.52   34.30   29.96
 -59.48  639.04   38.03   33.42   11.53   99.61   33.83   29.76
 -59.57  638.87   37.83   33.89   11.47   99.13   34.08   30.10
 -59.65  639.00   38.37   33.37   11.37   98.99   34.40   29.55
 -59.74  638.72   38.03   33.80   11.41   99.71   33.86   30.27
 -59.83  639.09   38.02   33.34   11.48   99.84   33.59   30.01
 -59.92  638.68   38.04   33.80   11.29  100.23   33.64   29.96
 -60.01  638.87   37.97   33.72   11.58  100.29   34.44   30.03
 -60.09  638.65   38.31   33.70   11.72   99.22   34.02   30.15
 -60.18  638.84   38.29   33.57   11.35   98.83   33.79   30.23
 -60.27  639.03   37.96   33.78   11.42   99.47   33.83   30.13
 -60.36  638.84   37.93   33.71   11.18   99.76   34.03   29.88
 -60.44  639.26   38.08   33.77   11.48   99.05   34.02   30.17
 -60.53  638.77   37.96   33.75   11.42   99.32   34.16   29.99
 -60.62  638.64   37.85   33.78   11.11   98.78   33.57   30.13
 -60.71  638.30   38.23   33.70   11.51   99.35   33.92   30.27
 -60.80  638.24   38.10   33.79   11.41   99.38   34.18   29.88
 -60.88  638.43   37.90   33.55   11.46   99.36   34.05   30.30
 -60.97  638.33   38.14   33.88   11.46   98.95   33.98   30.02
 -61.06  638.30   37.48   33.65   11.33   99.24   33.91   30.00
 -61.15  638.19   38.00   33.33   11.37   99.74   33.86   29.68
 -61.23  638.53   37.66   33.47   11.37   99.46   34.03   29.63
 -61.32  638.39   37.60   33.40   11.40   98.79   33.98   30.08
 -61.41  638.17   37.70   33.53   11.51   98.76   33.93   29.89
 -61.50  638.56   38.26   33.38   11.55   99.55   33.65   29.84
 -61.59  638.26   37.79   33.57   11.25   98.35   33.76   29.87
 -61.67  638.23   37.79   33.40   11.39   99.96   34.10   29.86
 -61.76  638.69   37.95   33.51   11.33   99.31   33.59   30.19
 -61.85  638.39   37.92   33.46   11.20   99.49   34.09   29.86
 -61.94  638.47   37.79   33.65   11.15   98.98   33.67   29.95
 -62.02  638.02   37.89   33.47   11.40   98.67   33.53   30.21
 -62.11  638.19   38.28   33.35   11.37   98.50   33.76   29.60
 -62.20  638.69   37.72   33.43   11.38   98.50   34.16   29.83
 -62.29  638.12   37.94   33.57   11.63   98.96   33.69   29.98
 -62.38  638.23   38.07   33.65   11.46   99.23   34.20   29.90
 -62.46  638.31   37.91   33.63   11.53   98.89   33.87   30.01
 -62.55  638.05   38.17   33.63   11.32   99.38   33.52   29.94
 -62.64  638.00   37.88   33.08   11.51   98.79   33.81   29.56
 -62.73  638.33   37.96   33.34   11.65   98.65   33.91   29.97
 -62.81  638.05   37.64   33.44   11.50   98.73   33.64   29.88
 -62.90  638.14   37.56   33.35   11.41   98.49   33.91   29.78
 -62.99  638.34   37.56   33.24   11.36   98.96   34.05   29.89
 -63.08  638.23   37.79   33.46   11.55   98.82   33.75   30.35
 -63.17  638.20   37.56   33.58   11.39   98.39   34.10   29.63
 -63.25  638.19   37.68   33.63   11.34   98.23   33.74   30.21
 -63.34  638.37   37.67   33.39   11.38   99.39   33.83   29.68
 -63.43  637.84   38.01   33.42   11.41   98.40   33.42   30.20
 -63.52  638.15   37.80   33.53   11.43   98.57   33.34   29.93
 -63.60  638.37   37.83   33.30   11.80   99.26   33.67   29.99
 -63.69  638.16   37.80   33.40   11.49   98.87   34.07   30.31
 -63.78  637.92   37.85   33.54   11.33   98.20   33.92   30.27
 -63.87  638.28   37.70   33.65   11.66   98.20   33.78   29.97
 -63.96  638.44   37.71   33.71   11.40   98.32   33.91   29.93
 -64.04  638.40   37.94   33.34   11.35   98.13   33.47   30.09
 -64.13  638.17   38.13   33.36   11.28   98.57   33.67   29.74
 -64.22  638.43   37.85   33.53   11.33   98.06   33.67   30.00
 -64.31  638.55   37.71   33.51   11.31   97.90   33.71   29.67
 -64.40  638.27   37.87   32.95   11.54   98.39   33.92   29.59
 -64.48  638.36   37.63   33.44   11.40   99.54   33.86   30.01
 -64.57  638.13   37.81   33.13   11.39   98.05   33.41   29.75
 -64.66  638.22   37.80   33.42   11.44   97.84   33.54   29.55
 -64.75  638.35   38.03   33.45   11.40   98.05   33.34   30.01
 -64.83  637.96   37.66   33.47   11.40   98.55   33.50   29.95
 -64.92  638.38   37.45   33.38   11.36   98.62   33.82   29.70
 -65.01  638.46   37.79   33.50   11.52   98.18   33.58   29.83
 -65.10  638.23   37.67   33.52   11.68   97.90   33.63   29.78
 -65.19  638.48   37.67   33.19   11.40   98.24   33.94   29.95
 -65.27  638.37   37.85   33.49   11.36   98.09   33.89   29.80
 -65.36  638.41   37.39   33.21   11.34   98.47   33.20   29.64
 -65.45  638.46   37.70   33.39   11.49   98.54   33.84   29.62
 -65.54  638.43   37.96   33.10   11.46   98.36   33.82   29.67
 -65.62  638.41   37.87   33.10   11.26   98.50   33.54   29.64
 -65.71  638.41   37.45   33.16   11.39   98.07   33.67   30.07
 -65.80  638.88   37.70   33.17   11.57   97.49   33.68   29.98
 -65.89  638.57   37.91   33.53   11.32   97.66   33.55   29.86
 -65.98  638.75   37.57   33.42   11.54   98.49   33.71   29.73
 -66.06  638.65   37.63   33.40   11.47   97.75   33.75   29.85
 -66.15  638.97   37.74   33.29   11.31   98.00   33.71   29.82
 -66.24  638.82   37.61   33.38   11.38   98.12   33.55   29.80
 -66.33  638.98   37.23   33.32   11.35   97.47   34.07   29.60
 -66.41  638.91   37.72   33.23   11.57   98.26   34.07   30.09
 -66.50  639.08   37.44   33.29   11.24   98.28   33.15   29.58
 -66.59  639.14   37.35   33.27   11.41   97.61   33.43   30.14
 -66.68  638.98   37.63   33.26   11.51   97.70   33.27   29.73
 -66.77  638.96   37.82   32.93   11.30   97.74   33.11   29.78
 -66.85  639.45   37.30   33.35   11.17   97.60   33.56   29.85
 -66.94  639.38   37.77   33.18   11.54   97.85   34.05   29.95
 -67.03  639.35   37.70   33.41   11.30   98.06   33.66   29.64
 -67.12  639.27   37.79   32.99   11.50   97.77   33.48   29.75
 -67.20  639.53   37.73   33.12   11.37   97.64   33.45   29.82
 -67.29  639.13   37.44   33.21   11.43   97.92   33.58   29.57
 -67.38  639.04   37.34   33.02   11.66   98.50   33.68   29.97
 -67.47  639.21   37.70   33.29   11.43   97.63   33.53   29.89
 -67.56  639.33   37.75   33.03   11.22   97.30   33.61   29.51
 -67.64  639.67   37.68   32.88   11.26   97.58   33.51   29.45
 -67.73  639.61   37.38   33.39   11.47   96.96   33.99   29.45
 -67.82  639.20   37.54   33.34   11.27   97.70   33.36   29.49
 -67.91  639.84   37.67   33.25   11.31   97.75   33.28   30.15
 -68.00  639.47   37.58   33.33   11.57   97.40   33.60   29.70
 -68.08  639.52   37.71   33.00   11.56   97.65   33.46   29.82
 -68.17  639.54   37.41   33.11   11.41   97.22   33.67   29.82
 -68.26  640.00   37.39   33.24   11.30   97.06   33.71   29.84
 -68.35  639.20   37.30   33.37   11.38   97.65   33.67   29.83
 -68.43  639.94   37.72   33.26   11.45   97.51   33.83   29.96
 -68.52  639.96   37.77   33.38   11.44   97.43   33.26   29.99
 -68.61  639.50   37.58   33.01   11.39   97.52   33.59   29.97
 -68.70  639.95   37.86   33.25   11.37   97.11   33.38   29.68
 -68.79  639.80   37.76   33.51   11.46   96.90   33.37   29.84
 -68.87  640.27   37.53   33.15   11.48   97.62   33.53   29.64
 -68.96  640.33   37.50   33.24   11.23   97.37   33.43   29.55
 -69.05  639.92   37.67   33.09   11.59   97.41   33.50   29.74
 -69.14  640.07   37.36   33.14   11.34   96.79   33.83   29.53
 -69.22  640.58   37.41   33.19   11.48   97.33   33.92   29.68
 -69.31  640.53   37.27   32.92   11.32   97.17   33.84   29.43
 -69.40  640.09   37.50   32.96   11.31   97.16   33.38   29.79
 -69.49  640.62   37.38   33.18   11.36   97.18   34.08   29.61
 -69.58  640.10   37.47   33.00   11.35   97.41   33.72   29.28
 -69.66  640.80   37.47   33.45   11.43   97.14   33.80   29.74
 -69.75  640.35   37.41   33.46   11.31   97.57   33.92   29.73
 -69.84  640.43   37.49   33.02   11.33   96.46   33.20   29.70
 -69.93  640.57   37.59   33.04   11.33   97.17   33.39   29.55
 -70.01  640.37   37.40   33.00   11.51   97.39   33.46   29.60
 -70.10  640.36   37.44   33.12   11.41   97.04   33.54   29.56
 -70.19  640.44   37.54   32.99   11.43   96.59   33.22   30.00
 -70.28  640.68   37.41   33.39   11.50   97.54   33.65   29.66
 -70.37  641.21   37.28   33.15   11.44   96.84   33.25   29.61
 -70.45  640.77   37.51   33.30   11.49   96.81   33.54   29.69
 -70.54  640.77   37.59   33.28   11.50   97.00   33.41   29.56
 -70.63  640.51   37.41   33.11   11.41   97.04   33.48   29.66
 -70.72  641.33   37.45   33.11   11.42   97.48   33.56   29.47
 -70.80  640.75   37.60   32.93   11.22   96.26   33.95   29.74
 -70.89  640.66   37.36   33.05   11.50   97.40   33.44   29.51
 -70.98  640.56   37.25   32.95   11.55   97.48   33.21   29.71
 -71.07  640.96   37.51   32.95   11.32   97.36   33.81   29.33
 -71.16  641.08   37.11   33.16   11.39   96.54   33.32   29.68
 -71.24  641.11   37.44   32.78   11.48   97.39   33.32   29.62
 -71.33  640.76   37.41   33.17   11.27   96.67   33.06   29.52
 -71.42  640.86   37.51   32.88   11.25   96.83   33.28   30.06
 -71.51  640.96   37.29   33.41   11.70   96.87   33.78   29.35
 -71.59  641.14   37.25   33.16   11.34   96.49   33.48   29.87
 -71.68  641.24   37.57   32.96   11.48   96.51   33.38   29.55
 -71.77  641.41   37.65   32.97   11.39   96.81   33.90   29.85
 -71.86  641.13   37.02   32.96   11.39   96.83   33.62   29.63
 -71.95  641.54   37.22   33.09   11.41   96.54   33.42   29.90
 -72.03  641.05   37.18   33.12   11.47   96.07   33.62   29.28
 -72.12  641.50   37.26   32.85   11.32   96.56   33.75   29.43
 -72.21  640.41   37.39   33.04   11.37   96.49   33.67   29.63
 -72.30  641.24   37.38   32.91   11.57   96.44   33.13   29.42
 -72.39  641.30   37.40   32.92   11.51   96.59   33.61   29.84
 -72.47  641.55   37.56   33.39   11.42   96.55   33.46   29.79
 -72.56  641.42   37.39   33.08   11.46   96.79   33.70   29.33
 -72.65  641.87   37.43   32.85   11.45   95.80   33.62   29.63
 -72.74  641.46   36.97   32.99   11.32   95.96   33.92   29.81
 -72.82  641.70   37.61   33.16   11.56   96.24   33.25   29.74
 -72.91  641.39   37.42   32.74   11.51   96.46   33.82   29.37
 -73.00  641.19   37.53   32.91   11.31   96.21   33.57   29.48
 -73.09  641.55   37.31   33.03   11.36   96.10   33.39   29.52
 -73.18  641.84   37.12   33.02   11.49   96.19   33.82   29.72
 -73.26  641.23   37.10   32.87   11.48   96.33   33.27   29.50
 -73.35  641.54   37.30   32.90   11.42   96.51   33.58   29.39
 -73.44  641.36   37.39   32.88   11.49   96.24   33.15   29.75
 -73.53  641.71   37.24   33.14   11.59   96.22   33.77   30.03
 -73.61  641.54   37.01   32.61   11.46   95.92   33.46   29.39
 -73.70  641.86   37.43   32.91   11.48   96.63   33.31   29.50
 -73.79  641.91   37.56   33.04   11.32   95.03   33.26   29.23
 -73.88  641.56   37.36   32.85   11.57   95.47   33.34   29.36
 -73.97  641.80   37.32   33.11   11.41   95.61   33.43   29.56
 -74.05  642.15   37.11   32.84   11.53   95.56   33.60   29.63
 -74.14  641.94   37.25   32.92   11.34   96.13   33.01   29.70
 -74.23  641.64   37.33   32.72   11.26   96.60   33.52   29.68
 -74.32  641.83   37.44   32.83   11.42   96.25   33.24   29.21
 -74.40  641.98   37.54   32.92   11.57   95.57   33.25   29.69
 -74.49  642.11   37.40   32.84   11.40   96.62   33.11   29.69
 -74.58  641.83   37.22   32.89   11.53   95.59   33.25   29.39
 -74.67  641.93   36.95   32.58   11.32   96.32   33.56   29.62
 -74.76  642.26   36.93   32.74   11.37   96.29   33.61   29.38
 -74.84  641.78   37.26   32.78   11.32   96.27   33.15   29.27
 -74.93  641.54   37.30   32.84   11.44   96.03   33.52   29.64
 -75.02  641.99   37.55   32.87   11.37   95.81   33.28   29.52
 -75.11  641.77   37.13   32.83   11.55   95.89   33.12   29.75
 -75.19  641.73   37.28   32.57   11.40   95.24   33.81   29.90
 -75.28  641.89   37.32   32.64   11.40   95.18   33.08   29.56
 -75.37  641.79   36.96   32.87   11.23   95.32   32.99   29.23
 -75.46  641.90   36.86   33.01   11.47   96.76   33.24   29.52

 -75.55  641.81   37.20   33.10   11.50   96.29   33.16   29.40
 -75.63  641.80   37.40   32.86   11.39   95.52   33.35   29.66
 -75.72  641.76   37.07   32.90   11.40   95.51   33.35   29.65
 -75.81  642.37   37.16   32.76   11.32   95.49   33.34   29.68
 -75.90  641.73   37.08   32.66   11.27   95.71   33.62   29.15
 -75.98  641.76   37.30   32.89   11.40   95.82   33.17   29.18
 -76.07  642.06   37.12   32.89   11.24   95.51   33.17   29.36
 -76.16  641.83   37.02   32.69   11.37   94.77   33.27   29.41
 -76.25  642.06   37.10   32.62   11.57   95.89   33.73   29.35
 -76.34  641.91   36.98   32.93   11.58   95.66   33.55   29.39
 -76.42  641.75   37.29   32.76   11.26   95.76   33.36   29.33
 -76.51  642.04   36.94   32.70   11.33   94.81   33.32   29.62
 -76.60  641.89   37.05   32.56   11.59   95.19   33.08   28.90
 -76.69  641.83   37.11   32.77   11.46   94.99   33.33   29.27
 -76.78  641.67   37.10   32.60   11.59   95.05   33.35   28.78
 -76.86  641.65   37.21   32.47   11.41   95.22   33.33   29.37
 -76.95  641.72   36.95   32.69   11.45   94.90   33.33   29.20
 -77.04  641.97   37.08   32.74   11.44   94.93   33.57   29.50
 -77.13  641.62   37.21   32.73   11.39   94.98   32.99   29.38
 -77.21  641.67   36.91   32.79   11.55   95.36   33.38   29.45
 -77.30  641.81   37.10   32.73   11.42   95.68   33.08   29.28
 -77.39  641.87   37.05   32.71   11.52   94.55   33.01   29.29
 -77.48  641.53   37.21   32.75   11.26   94.55   33.43   29.41
 -77.57  641.60   37.38   32.64   11.47   95.07   33.30   29.40
 -77.65  641.63   37.07   32.73   11.40   94.83   33.54   29.33
 -77.74  641.25   36.93   32.69   11.35   95.08   33.37   29.44
 -77.83  641.29   36.88   32.65   11.46   94.84   33.10   29.19
 -77.92  641.38   37.06   32.64   11.29   94.70   33.19   29.31
 -78.00  641.27   36.82   32.85   11.48   95.04   33.28   29.23
 -78.09  641.23   37.06   32.59   11.43   94.88   33.36   29.87
 -78.18  641.59   37.16   32.47   11.40   95.16   33.49   29.67
 -78.27  641.50   37.19   32.86   11.43   94.58   33.12   29.10
 -78.36  641.69   36.85   32.65   11.50   94.32   33.03   29.03
 -78.44  641.44   36.82   32.93   11.45   95.31   33.31   29.27
 -78.53  641.55   36.89   32.64   11.60   94.50   33.44   29.34
 -78.62  641.16   37.12   32.51   11.38   94.52   33.24   29.24
 -78.71  640.86   37.23   32.67   11.47   95.25   33.47   29.35
 -78.79  641.20   36.91   32.50   11.41   94.39   33.44   29.03
 -78.88  640.79   36.66   32.68   11.54   94.55   32.91   29.09
 -78.97  641.25   37.09   32.63   11.41   94.57   33.58   29.12
 -79.06  641.11   36.61   32.64   11.27   94.85   32.97   29.12
 -79.15  641.05   36.76   32.53   11.39   95.10   32.95   29.13
 -79.23  640.51   36.93   32.38   11.50   94.49   33.02   29.04
 -79.32  640.77   36.86   32.48   11.32   94.57   32.73   29.43
 -79.41  640.83   36.82   32.71   11.43   94.36   33.37   29.63
 -79.50  641.23   36.69   32.57   11.29   94.75   33.31   29.22
 -79.58  641.14   36.86   32.32   11.39   94.77   33.22   29.15
 -79.67  640.92   36.91   32.30   11.40   93.55   33.31   29.21
 -79.76  640.90   36.86   32.70   11.35   93.68   33.19   29.17
 -79.85  640.44   36.91   32.63   11.47   94.67   32.56   29.64
 -79.94  640.33   36.65   32.39   11.06   94.36   33.09   29.33
 -80.02  640.62   37.01   32.51   11.36   95.04   33.35   29.34
 -80.11  640.63   36.67   32.42   11.36   94.29   33.10   28.83
 -80.20  640.58   36.86   32.36   11.37   94.35   33.26   29.18
 -80.29  640.62   36.94   32.59   11.33   93.91   33.18   29.52
 -80.38  640.45   37.06   32.48   11.37   94.98   33.08   28.82
 -80.46  640.55   36.56   32.58   11.33   93.60   32.99   29.30
 -80.55  640.00   37.06   32.65   11.42   93.82   33.26   28.87
 -80.64  640.08   36.53   32.36   11.51   94.01   33.11   29.11
 -80.73  639.79   36.85   32.54   11.36   94.01   32.99   29.28
 -80.81  640.36   36.52   32.80   11.37   94.00   33.16   29.26
 -80.90  640.30   37.07   32.38   11.28   93.44   32.90   29.25
 -80.99  639.83   37.16   32.27   11.51   94.01   33.12   29.34
 -81.08  639.78   36.71   32.47   11.45   94.21   33.54   29.01
 -81.17  640.18   36.68   32.42   11.28   93.63   33.08   29.21
 -81.25  639.45   36.45   32.36   11.50   94.55   32.91   28.90
 -81.34  639.95   36.88   32.50   11.37   93.80   33.10   29.04
 -81.43  639.08   36.57   32.28   11.45   93.61   32.98   29.04
 -81.52  639.40   36.92   32.45   11.37   93.17   33.00   29.13
 -81.60  639.39   36.74   32.47   11.36   94.64   32.96   29.15
 -81.69  639.60   36.94   32.04   11.32   93.55   32.92   29.23
 -81.78  639.31   36.51   32.24   11.27   93.94   33.19   29.55
 -81.87  639.16   36.71   32.49   11.35   93.11   33.00   29.41
 -81.96  639.26   36.67   32.08   11.59   93.49   33.07   29.58
 -82.04  638.87   36.62   32.40   11.59   93.95   32.80   29.30
 -82.13  638.80   36.36   32.46   11.42   93.62   33.68   28.91
 -82.22  638.82   36.97   32.42   11.42   93.58   33.14   28.98
 -82.31  638.75   36.84   32.36   11.29   93.46   33.09   28.85
 -82.39  638.90   36.89   32.60   11.38   94.43   32.86   29.18
 -82.48  638.74   36.77   32.36   11.29   93.39   32.74   28.95
 -82.57  639.02   36.56   32.48   11.39   93.84   33.29   29.27
 -82.66  638.66   36.77   32.09   11.25   92.89   32.79   29.23
 -82.75  638.35   37.11   32.30   11.42   93.71   32.52   29.37
 -82.83  638.29   36.79   32.32   11.25   93.01   33.08   29.26
 -82.92  638.63   36.59   32.18   11.58   93.59   32.75   28.95
 -83.01  638.16   36.80   32.22   11.49   93.31   32.89   29.04
 -83.10  638.26   36.63   32.40   11.39   92.82   33.01   28.56
 -83.18  638.00   37.11   32.21   11.51   92.99   32.81   29.03
 -83.27  638.46   36.92   32.55   11.22   92.95   32.98   29.18
 -83.36  637.88   36.82   32.20   11.69   93.38   32.95   29.26
 -83.45  637.71   36.93   32.36   11.07   93.37   33.16   28.78
 -83.54  637.58   36.87   32.15   11.27   93.42   33.10   29.36
 -83.62  637.63   36.32   32.20   11.31   93.40   32.98   29.01
 -83.71  637.54   36.47   32.19   11.27   93.88   32.92   29.10
 -83.80  637.37   36.70   32.30   11.43   92.98   32.81   29.15
 -83.89  637.24   36.58   32.23   11.27   93.15   32.70   28.99
 -83.97  637.59   36.61   32.49   11.35   92.45   32.74   29.31
 -84.06  637.21   36.90   32.48   11.32   93.28   32.43   28.68
 -84.15  636.66   36.64   32.40   11.20   92.87   32.61   28.95
 -84.24  636.77   36.70   32.24   11.29   93.22   33.04   28.88
 -84.33  637.23   36.53   32.12   11.50   93.25   32.56   28.75
 -84.41  636.41   36.53   32.17   11.34   92.57   33.07   28.45
 -84.50  637.01   36.56   32.25   11.36   92.71   33.02   28.79
 -84.59  636.72   36.58   32.31   11.28   92.42   32.96   28.91
 -84.68  636.82   36.45   31.75   11.39   92.74   32.40   28.45
 -84.77  636.95   36.58   32.44   11.22   92.86   32.89   28.61
 -84.85  636.53   36.38   32.19   11.43   92.03   32.65   29.01
 -84.94  636.54   36.39   31.98   11.41   92.46   32.46   28.83
 -85.03  636.23   36.62   32.14   11.23   93.25   32.45   28.81
 -85.12  635.85   36.40   32.04   11.24   92.20   32.50   28.92
 -85.20  636.14   36.18   32.00   11.36   92.32   32.44   28.72
 -85.29  635.69   36.32   32.29   10.99   91.79   33.11   29.09
 -85.38  635.18   36.71   32.15   11.30   92.44   32.77   28.99
 -85.47  635.34   36.44   32.01   11.29   92.54   32.67   28.96
 -85.56  635.51   36.37   32.21   11.56   92.62   32.47   28.92
 -85.64  635.34   36.33   32.19   11.08   92.16   32.61   28.90
 -85.73  635.41   36.12   32.27   11.22   92.92   32.90   28.92
 -85.82  634.65   36.43   31.93   11.17   92.33   32.84   29.03
 -85.91  635.15   36.16   32.14   11.37   92.61   32.80   29.01
 -85.99  635.16   36.36   32.19   11.22   92.92   32.84   28.65
 -86.08  634.94   36.14   31.90   11.37   92.33   32.59   28.34
 -86.17  634.92   36.61   32.01   11.35   91.88   32.53   28.72
 -86.26  634.64   36.24   32.05   11.12   91.85   32.70   29.11
 -86.35  634.60   36.41   32.23   11.23   91.80   32.44   28.66
 -86.43  634.72   36.13   31.87   11.20   92.05   32.43   28.67
 -86.52  634.20   36.26   31.95   11.43   92.46   32.37   28.62
 -86.61  634.44   36.45   31.87   11.44   92.21   32.18   28.82
 -86.70  634.09   36.35   31.74   11.34   92.83   32.26   28.62
 -86.78  634.00   36.51   31.88   11.19   92.19   32.35   28.49
 -86.87  634.08   36.02   31.90   11.21   92.36   32.46   28.57
 -86.96  633.95   36.31   31.75   11.18   92.14   32.52   29.10
 -87.05  633.51   35.97   31.71   11.32   91.96   32.36   28.71
 -87.14  633.27   36.15   31.85   11.18   91.85   32.82   28.42
 -87.22  633.44   36.20   31.87   11.29   91.89   32.81   28.70
 -87.31  633.47   36.21   32.05   11.16   92.60   32.58   28.84
 -87.40  633.38   35.99   31.57   11.12   91.61   32.57   28.51
 -87.49  633.11   36.07   31.66   11.18   92.45   32.36   28.79
 -87.57  633.09   35.96   32.13   11.30   91.76   32.36   28.35
 -87.66  632.94   36.33   31.79   11.31   91.43   32.47   28.51
 -87.75  633.15   36.02   31.87   11.42   91.66   32.57   28.64
 -87.84  632.66   36.26   31.77   11.46   91.55   32.76   28.31
 -87.93  632.33   36.23   31.99   11.17   91.64   32.32   28.51
 -88.01  632.64   36.40   31.82   11.42   91.64   32.35   28.84
 -88.10  632.37   36.11   31.70   11.08   91.67   32.49   28.70
 -88.19  631.95   36.35   31.74   11.15   91.61   32.45   28.66
 -88.28  632.12   36.54   31.82   11.34   91.00   32.56   28.76
 -88.36  632.13   36.14   32.11   11.22   91.33   32.30   28.56
 -88.45  631.71   36.03   31.69   11.13   91.71   32.50   28.33
 -88.54  631.49   36.33   31.79   11.46   90.99   32.72   28.16
 -88.63  631.71   36.10   31.78   11.16   91.16   32.23   28.17
 -88.72  631.85   36.19   31.72   11.35   91.10   32.29   28.54
 -88.80  631.64   36.18   31.68   11.33   91.58   32.39   28.86
 -88.89  631.12   36.31   31.88   11.25   90.83   32.61   28.37
 -88.98  631.05   36.03   31.68   11.21   90.86   32.60   28.57
 -89.07  631.32   36.10   32.12   11.29   91.05   31.93   28.82
 -89.16  631.02   36.06   31.95   11.39   90.94   32.10   28.53
 -89.24  631.24   36.09   31.62   11.34   90.31   32.18   28.58
 -89.33  631.11   35.91   31.78   11.24   91.21   32.41   28.50
 -89.42  630.97   36.32   31.69   11.11   90.44   32.16   28.40
 -89.51  630.79   36.04   31.63   11.26   90.75   32.15   28.27
 -89.59  630.63   36.05   31.66   11.11   90.51   32.29   28.53
 -89.68  630.33   36.01   31.32   11.28   90.88   32.21   28.41
 -89.77  630.68   35.93   31.53   11.15   90.43   32.32   28.34
 -89.86  630.55   36.21   31.83   11.30   91.02   32.21   28.47
 -89.95  630.49   36.08   31.72   11.25   90.61   32.02   28.29
 -90.03  630.23   35.77   31.53   11.13   90.93   32.30   28.15
 -90.12  630.41   35.73   31.87   11.08   91.02   32.04   28.30
 -90.21  630.00   36.04   31.60   11.06   90.21   31.77   28.48
 -90.30  629.70   35.94   31.84   11.23   90.16   32.60   28.70
 -90.38  629.52   35.79   31.70   11.08   90.77   31.97   28.04
 -90.47  629.34   35.80   31.70   11.28   90.71   32.10   28.55
 -90.56  629.73   35.61   31.58   11.00   90.39   32.19   28.86
 -90.65  629.46   35.70   31.70   11.26   90.46   32.39   28.30
 -90.74  629.39   35.97   31.68   11.17   90.40   32.40   28.66
 -90.82  629.13   36.00   31.41   11.27   90.70   32.45   28.29
 -90.91  628.61   35.85   31.68   11.22   90.77   32.32   27.79
 -91.00  628.59   35.74   31.59   11.38   90.36   32.30   27.90
 -91.09  628.41   35.73   31.18   11.22   89.90   32.22   28.25
 -91.17  628.61   35.72   31.63   11.26   90.47   32.15   28.25
 -91.26  628.26   35.67   31.43   11.23   90.09   32.36   28.39
 -91.35  628.19   35.84   31.53   11.35   89.98   31.88   28.32
 -91.44  628.20   36.09   31.48   11.17   89.98   31.91   28.38
 -91.53  628.07   35.71   31.55   11.30   89.82   32.09   28.22
 -91.61  627.98   35.60   31.73   11.15   90.25   31.98   27.97
 -91.70  628.32   35.83   31.80   11.03   90.14   31.89   28.07
 -91.79  627.68   36.07   31.46   11.22   89.57   32.30   28.37
 -91.88  627.85   35.71   31.46   11.09   90.20   31.71   28.09
 -91.96  627.74   35.67   31.27   11.19   89.80   32.20   28.44
 -92.05  627.30   35.92   31.36   11.23   89.86   31.83   28.03
 -92.14  627.35   35.83   31.59   10.87   90.09   32.31   28.45
 -92.23  626.88   36.06   31.35   11.13   89.83   32.26   28.22
 -92.32  627.34   35.82   31.31   11.16   89.33   32.53   28.23
 -92.40  626.89   35.77   31.28   11.30   89.74   31.92   28.10
 -92.49  626.81   35.74   31.26   11.17   90.00   32.08   28.10
 -92.58  626.91   35.79   31.28   11.12   89.77   32.04   28.45
 -92.67  626.85   35.63   31.49   11.14   90.04   31.97   28.48
 -92.75  626.79   35.21   31.34   11.11   89.58   31.80   28.50
 -92.84  626.57   35.64   31.53   11.30   89.28   32.00   28.44
 -92.93  626.77   35.56   31.10   11.20   89.29   32.11   27.88
 -93.02  626.59   35.60   31.46   11.08   89.29   31.72   28.00
 -93.11  626.43   35.87   31.24   11.33   89.33   32.18   28.25
 -93.19  626.03   35.41   31.40   11.19   89.74   32.34   28.01
 -93.28  626.09   35.37   31.18   11.07   89.24   31.92   27.89
 -93.37  625.92   35.80   31.30   10.98   89.31   31.74   27.91
 -93.46  626.04   35.41   31.38   11.15   89.19   31.86   28.02
 -93.55  625.88   35.69   31.34   11.26   88.90   31.78   28.22
 -93.63  625.43   35.69   31.24   11.41   89.36   32.17   28.00
 -93.72  625.15   35.54   31.26   11.29   89.85   31.86   28.05
 -93.81  625.18   35.38   31.41   11.06   88.58   32.23   27.96

